17.1713	17.1099	23.6753	21.3494	12.444	11.488	16.0438	24.2418	24.1152	20.179	20.5617	24.6051	22.3664	19.4229	29.6479	24.5386
33.2145	26.0041	19.1467	35.4125	29.361	17.1611	10.3523	25.1258	19.576	14.0029	8.1492	18.4379	31.4706	26.0559	22.0643	32.5852
24.2098	13.2928	12.761	22.1486	15.672	19.3028	13.3769	21.3521	17.2377	14.1274	20.5517	20.1375	20.9691	24.9274	24.7864	47.6667
19.2302	21.1344	33.7676	19.2556	23.365	27.0433	27.5422	22.6296	32.9001	33.1551	40.2896	28.9356	19.5485	23.8983	30.8636	21.5214
35.8774	17.6343	30.8304	25.974	24.8019	14.2887	14.7067	22.3253	25.8135	20.6784	25.1328	23.1259	19.7062	24.9657	26.6797	29.8191
22.3766	18.9424	28.668	21.7824	21.6975	32.5403	25.1415	25.3274	25.1553	30.6005	35.4304	28.5739	15.2109	24.4244	30.9203	24.0482
18.8163	25.9882	16.6591	12.7432	24.2648	55.5963	39.5599	21.0175	23.3764	40.7339	47.1869	19.838	6.3196	22.7359	22.8183	9.6256
24.7283	14.7295	31.2421	18.0075	13.306	26.7979	19.5147	27.8184	26.4538	23.6492	31.0366	19.8655	18.9945	24.8139	21.6933	29.0287
41.3035	19.4167	34.8785	21.9576	20.5472	9.7891	11.8808	8.4882	35.7808	19.4697	29.3614	27.2272	20.7976	11.1953	34.5619	28.5847
42.6406	15.787	23.1258	37.6853	17.5149	4.4834	5.3547	13.2949	22.6723	7.8315	15.2206	29.85	34.8593	12.8663	29.9205	58.5726
28.7399	20.0845	29.0508	24.7158	17.8815	15.5809	10.5592	27.1235	30.5215	9.2337	32.9273	24.1869	28.4578	18.0184	33.3794	24.779
16.5712	20.9919	30.2325	19.2585	22.0296	21.4288	20.5919	22.817	27.5348	26.5594	30.4691	25.6882	21.4771	14.7796	28.7798	18.9105
38.4037	24.2538	27.2445	44.1448	36.7669	16.9792	10.403	24.0289	21.6517	16.8215	15.1702	23.7483	39.7475	26.2292	31.6797	38.4871
47.5136	30.695	18.1472	43.5935	32.9706	11.0652	11.3526	19.1519	23.0057	11.8341	9.7552	28.0849	39.5355	16.8243	31.9408	46.05
28.5454	30.0238	12.5861	36.7198	28.3863	19.9403	12.7949	19.4205	16.0459	13.9216	16.9374	37.4765	37.9438	17.5069	38.6098	47.5409
57.1054	29.8965	14.5448	53.3224	30.9621	13.3112	3.6534	16.0406	13.1339	2.6412	7.3139	24.3815	57.2826	15.4158	23.5595	55.3952
16.1625	28.5261	26.3077	13.9256	28.8269	46.1811	29.8444	26.2537	20.7527	30.5025	39.3924	26.5639	12.612	22.3871	31.993	10.6083
13.3017	4.8073	22.7358	43.1765	7.4071	0.631	5.2188	7.0442	22.519	7.7041	34.3431	68.5785	35.2801	8.2114	74.2252	62.7762
40.1433	38.3053	30.3325	22.5861	38.3954	30.208	17.667	29.7222	24.4001	29.6441	14.6716	16.1124	28.5309	20.0139	17.2009	12.9063
49.4559	23.4947	15.0245	19.835	27.3581	11.0342	9.4009	24.6461	12.1156	13.7834	13.8635	34.8565	18.2633	21.0009	39.7532	80.5141
17.7284	32.9114	19.6585	22.9552	27.1694	31.0682	21.2062	29.346	23.6295	19.9679	29.9589	29.1421	23.3087	25.7608	31.0673	29.5216
27.1771	20.2366	27.9892	25.2221	16.5572	20.8465	18.6594	39.1791	31.4105	22.525	24.3175	23.1988	22.0716	29.4695	34.867	30.6726
16.9683	6.6833	16.8664	41.6866	13.0093	1.7236	6.4472	16.9271	19.0517	9.7402	27.4252	48.9758	38.8576	18.7446	55.7482	75.5449
29.2645	23.6241	33.6067	12.937	29.6602	19.1111	18.9698	15.7323	29.4399	26.4802	23.5797	14.5308	13.0825	14.8387	17.8166	9.8459
28.6546	14.515	16.8726	32.8933	14.273	3.8582	6.7331	14.6066	17.8592	7.3105	10.3299	16.1581	30.2623	16.1728	13.9318	34.6889
27.9206	20.1798	26.8522	31.0538	25.9629	17.0631	17.7879	30.5175	22.6682	28.1465	21.7809	23.2043	28.4204	24.9421	30.1908	30.5893
30.4548	29.7053	25.4099	25.7844	28.9009	33.677	20.7377	40.394	20.9021	27.4778	28.5545	21.4059	27.2953	31.4129	24.2848	44.2827
29.776	20.4111	41.2259	25.3594	24.3526	24.4853	21.9118	23.5521	35.5015	32.9595	43.6774	29.9279	27.6477	21.1935	29.7351	25.4032
17.012	18.8902	29.7324	23.303	21.9123	28.2612	31.1201	29.1385	24.8729	32.3085	36.6669	35.7115	22.2677	34.3969	33.0808	34.8852
21.2453	22.6023	18.3913	31.8799	22.3201	17.3452	12.8376	29.9866	17.0039	16.2408	11.1509	23.5829	26.8514	30.8418	25.846	36.4341
20.4043	26.6896	17.3	19.0374	24.3743	41.269	29.0535	40.0539	19.6604	36.8	24.4019	24.2312	18.772	35.6576	32.5257	21.9692
17.581	14.9688	29.391	33.7536	19.3775	15.5686	12.4447	36.0883	20.9122	22.3808	19.0878	40.2923	32.1869	31.3409	38.1023	66.5231
50.5453	25.8506	23.6223	19.5829	24.7162	29.1465	28.8964	15.8716	33.8114	24.5963	67.5407	19.7321	14.4124	13.8976	25.4609	3.8368
36.7314	27.0065	33.4875	33.8683	25.4262	25.9295	15.7946	32.0214	34.6958	18.9764	23.1341	20.4538	34.7699	24.3626	25.0017	31.2203
55.4482	31.7148	24.0348	19.098	26.7268	23.9943	23.245	17.9356	27.7487	21.3218	24.5489	24.9491	15.533	18.4803	24.4854	20.8953
37.7743	12.3416	29.6276	34.6636	15.728	7.7832	8.108	20.4695	23.1763	7.2723	18.0807	26.6729	38.2892	20.2351	27.7955	43.6621
7.5183	12.1456	21.8238	13.1566	18.9543	30.1874	35.0652	32.9034	20.1859	35.8995	37.9697	32.8893	13.1474	31.8687	36.2787	27.2863
37.7172	19.4858	30.3194	38.4066	26.7656	11.2397	13.1607	19.1463	26.5081	18.5492	22.981	24.9577	33.8702	23.0911	33.1495	35.052
21.9877	22.375	31.8161	28.0446	27.9557	16.316	22.1017	28.1786	33.7056	26.1184	26.4685	26.5763	25.0354	25.5656	33.87	32.5248
23.548	19.325	27.9663	24.7604	20.5766	12.5346	16.5495	28.5687	23.3677	20.5876	24.1138	43.3817	31.6242	30.151	39.4928	52.7721
30.1321	20.4152	37.0402	21.9162	20.0399	15.6469	17.9159	20.9598	33.4833	19.7336	39.5235	33.7633	24.832	15.5851	29.9356	29.9173
14.522	18.4147	24.002	21.6008	14.5951	19.0393	19.1498	32.5334	30.2658	18.2239	33.9802	24.5928	19.5237	26.093	39.9952	40.0684
29.0893	12.6712	37.0194	31.3151	13.0686	8.5453	13.2356	14.8905	33.7501	11.4258	33.1448	33.9826	35.2434	13.7689	32.5606	32.2087
11.8195	16.3433	23.3291	16.1078	17.6213	17.4213	22.9235	27.4272	23.848	22.4262	39.1784	37.5782	13.236	23.7995	44.5726	38.968
17.4655	13.2432	36.9269	24.4126	21.9149	10.3326	20.6095	21.4338	28.9298	28.1238	53.5984	42.544	25.2122	22.6623	38.7477	26.0427
17.5804	13.9039	24.1054	18.1403	15.1838	6.876	15.5431	22.7417	26.425	18.4858	40.8709	30.1748	14.2235	18.7175	43.4994	38.0885
21.7544	23.163	14.419	28.35	18.3039	23.2075	17.531	38.611	19.2544	18.6204	12.6603	22.5235	26.3934	36.3277	26.4379	41.9226
34.8813	16.3671	41.4622	26.3369	23.8386	6.9927	14.6075	18.334	40.0157	18.3847	33.5901	25.6718	24.7349	17.1521	34.2999	34.1703
12.8015	12.9896	15.9584	28.3355	13.5434	15.5737	5.3097	27.9954	19.026	12.9347	23.6502	21.738	25.271	29.1336	25.0292	57.4702
44.171	15.229	28.914	30.7009	17.4935	9.1941	9.4628	17.1886	20.9657	9.9468	19.6407	27.3431	35.2999	12.9607	26.6505	39.3987
28.743	26.4902	29.6541	32.388	34.9156	31.8741	21.0822	30.5465	24.8849	27.3108	17.7565	26.4052	28.9583	34.3419	27.9443	26.7044
30.6755	16.7829	19.3964	31.1382	19.063	8.2432	12.5258	26.4456	19.7088	13.8257	14.2232	28.7252	31.3554	26.9954	27.7655	62.6104
40.315	19.3543	28.0259	29.258	24.4099	9.3017	9.9853	22.2201	25.0223	14.1764	14.902	20.9024	29.5168	18.3037	27.6433	41.903
21.7869	20.2808	27.5778	28.8869	25.2147	14.9708	17.7304	28.3779	22.9549	24.2371	22.0236	31.6375	24.9118	23.9285	31.8965	30.1838
15.8534	13.4516	32.2459	21.3522	17.5026	8.2268	13.5606	21.5588	24.2591	21.7158	32.8245	27.5689	24.4376	15.8223	32.3374	31.1625
35.9958	21.0144	32.7472	38.0605	26.9018	13.1	13.5208	23.5625	31.9551	19.9965	22.1821	29.6946	29.2252	27.2362	32.9143	44.7731
18.8283	10.9064	22.3074	31.8971	10.5612	6.9444	4.7514	16.5731	22.8089	11.1567	39.4656	23.8698	24.9606	13.2742	32.1585	56.2965
11.4319	22.8477	21.3254	13.4363	30.4158	57.3874	38.7823	34.734	16.25	48.1578	40.3051	19.0582	11.8827	31.9359	29.3529	15.5765
15.0863	18.223	33.3134	17.8925	24.1155	28.1076	19.9133	27.162	26.7704	22.4622	44.3207	33.0389	16.3891	25.9431	37.4378	34.9041
47.5085	23.8701	37.9235	26.3714	27.8201	10.8852	15.164	18.2861	38.3176	18.095	20.0526	20.5527	26.1209	15.4569	26.0312	13.4643
66.3305	23.7051	24.9458	35.6753	30.4866	12.0042	5.9524	18.4267	20.4661	12.3851	11.0812	16.5013	43.5071	14.9615	16.4257	22.3854
42.6057	43.4891	21.6689	19.4427	46.0217	36.5652	9.9747	22.3073	14.7597	16.9625	16.1755	16.1796	23.6703	18.8588	13.5939	12.9642
10.7742	17.0558	14.7703	24.7459	15.1127	23.5713	9.7446	30.627	17.8727	12.1046	27.0676	33.4602	21.637	26.606	42.8254	43.7046
18.3981	20.6033	32.5094	20.6933	17.719	34.2484	20.7228	43.3753	33.181	29.2538	45.7122	30.6814	24.7156	36.2617	34.3311	28.9536
40.1621	29.2022	34.5156	26.0112	33.1032	35.9915	19.5667	35.4873	25.8656	29.0709	21.3478	22.9753	30.6612	29.3349	24.7867	29.7176
14.0808	20.606	31.4372	21.7707	24.2063	33.9719	29.1222	36.0737	23.0654	32.718	30.3036	37.1366	27.816	35.0691	31.1362	39.2861
13.3421	12.7508	27.7279	31.4023	15.4724	14.6572	12.6561	27.3541	25.812	13.5587	53.2037	52.3689	31.5569	32.9907	45.9812	67.6451
8.8003	9.4799	34.599	13.7505	12.4613	27.1819	26.6741	37.2161	26.6125	34.0156	65.9016	45.704	11.4298	35.8863	47.7639	33.8831
29.0003	25.63	33.6549	17.3075	23.9839	14.7798	28.5262	22.8623	34.5268	21.3881	29.5298	28.4413	19.5846	24.3858	24.3199	22.2389
18.9238	13.5909	33.4883	24.3891	16.8287	19.8439	21.9136	28.1936	33.3733	26.1941	42.1267	38.8656	20.3514	25.0999	46.9082	32.7888
22.2226	28.0777	31.5332	17.5028	25.7087	36.8704	30.7685	32.8042	30.2939	32.6038	26.8506	25.4322	19.7336	31.7819	26.4245	17.1513
24.6649	17.2603	21.2499	21.6411	18.1762	23.6361	24.9895	31.9808	19.1479	29.4178	21.2926	27.4097	23.7373	31.7661	31.5391	39.3709
9.7603	19.388	26.6072	8.3625	24.6438	45.6248	47.8504	26.487	22.4031	58.141	60.2178	33.3149	10.6908	23.5749	35.3142	18.9793
20.5767	27.6834	31.6175	18.8674	24.8814	34.7923	22.3055	28.9034	29.0691	23.5584	37.1554	28.2721	25.1235	29.466	27.559	25.9289
16.9119	26.2827	32.0594	7.1894	22.668	73.1428	53.538	28.8895	36.6924	51.6729	56.1437	16.4923	7.5191	25.7085	17.9917	5.5779
58.457	29.0148	29.0101	47.8557	29.0486	13.7342	13.7374	28.2742	37.6632	17.704	17.1963	29.8303	42.0129	27.5844	41.444	44.3929
37.3363	26.6085	34.583	38.2384	25.95	11.036	18.9714	28.2005	33.389	20.0181	24.6587	33.6661	35.1598	26.259	36.4876	47.9176
17.1412	11.8656	20.5304	14.2298	15.3234	22.4816	11.7163	21.4115	18.3231	21.4052	49.8056	21.9451	16.8072	15.8106	28.1619	22.0013
26.5574	34.1086	31.5646	27.7523	31.4972	38.6003	30.5254	27.9525	29.189	29.4732	35.3671	23.1857	30.7889	22.0535	26.8014	25.9429
0.77	13.9395	9.9179	2.2081	15.013	108.955	56.3755	36.0828	9.5638	47.5251	60.9889	18.2141	3.1094	35.3691	20.9126	11.0554
18.1467	18.0713	26.3051	20.4731	20.7959	33.238	24.3308	37.5582	21.6883	23.6355	35.505	36.0203	17.3584	44.3896	27.4016	37.9622
24.0322	25.7277	24.701	19.9157	29.3037	29.2715	18.2587	29.0795	26.9463	23.4166	36.8192	26.658	20.9862	23.018	30.9179	18.2279
50.2858	33.1023	36.5085	27.1989	33.0074	16.8995	19.255	23.6223	35.3886	22.4028	24.5199	22.6838	24.7349	19.5254	28.6022	25.1426
31.4968	22.1203	43.3034	15.3867	24.5997	38.6506	23.4323	28.7217	40.9563	23.3019	39.7273	17.651	14.785	31.1926	16.2836	31.2706
14.3777	20.5166	23.4037	12.3035	19.1318	58.9478	49.15	41.5089	27.1331	44.5496	36.6405	25.7675	10.5552	39.7973	30.7143	23.9825
11.9505	12.664	26.521	2.6556	20.6092	47.8039	18.4273	15.709	19.0665	18.7311	36.4454	5.9305	5.0293	15.797	4.998	2.5417
24.5662	17.1864	22.1531	25.645	24.8466	22.5434	13.7968	22.0025	22.5521	21.597	28.1572	19.4614	21.2501	22.5057	23.4981	25.6786
19.1143	26.5828	36.635	10.05	33.5362	40.9231	41.0631	24.2749	27.0698	52.5951	48.5512	19.5888	8.309	19.9072	25.1385	13.101
22.7945	13.4654	16.1784	26.6665	13.4878	8.4732	5.9277	17.0753	17.8814	11.1659	9.6388	13.0648	26.1047	13.0563	18.4419	24.3374
14.6665	9.7366	17.221	22.0525	15.808	11.1733	6.2478	16.6019	11.4559	6.8832	14.6736	18.7813	18.9061	13.1236	19.1487	27.0399
13.8905	15.0554	13.5891	16.8039	21.9539	22.7559	17.0048	19.8948	13.208	21.9433	20.5287	31.8445	14.519	22.0154	27.9889	35.9641
9.1592	10.5853	12.98	16.0971	7.9484	20.5527	17.6856	24.3648	12.1188	20.9189	32.518	31.7021	16.8664	21.3426	34.7126	32.2876
14.0706	13.6929	16.5138	15.8413	14.6651	20.421	10.9778	16.1215	16.4606	12.5723	28.2109	28.8441	15.9604	18.3867	23.8599	19.641
27.5325	16.6992	22.0879	16.7659	16.8743	14.168	12.5938	22.2433	21.0734	18.9068	13.6907	20.0245	21.4476	18.4022	16.7054	24.8246
26.1488	20.2598	17.4068	34.5324	16.244	15.0784	12.617	23.7627	25.0351	10.4285	15.3215	29.6696	33.1236	24.1704	31.3927	40.0485
16.9586	14.6783	12.6459	21.9643	14.9904	10.2768	9.5398	11.1418	16.5286	6.289	10.5158	13.9012	20.4729	12.8193	16.5249	16.4726
12.6327	16.0548	19.7776	15.5282	17.0475	29.3259	21.6413	26.8711	15.8199	28.1941	15.608	20.4659	14.4052	23.542	24.8424	20.0833
20.1334	11.7904	18.5191	29.8666	14.4411	9.3028	8.9513	17.0594	21.0675	6.3101	15.4089	20.1356	24.7557	14.7685	26.9508	37.4589
10.0798	12.5801	16.9891	19.4088	13.4306	11.4055	13.4523	22.1581	15.1575	9.7802	19.6705	24.1096	20.3737	22.2432	27.6748	38.4063
10.4739	9.1029	14.7519	21.781	13.2091	7.0631	8.5731	20.7699	12.6578	8.5926	13.3098	21.502	22.8697	19.4119	24.665	43.2665
20.803	22.1465	25.0526	21.5044	21.9985	17.9666	17.5276	29.97	29.4747	23.7406	22.7195	16.4696	19.2942	23.7853	27.2134	21.3335
6.7641	9.6094	10.0539	16.8626	15.2036	8.295	11.3778	13.988	10.3265	13.5187	11.8578	21.3027	13.3633	17.812	25.2903	23.6542
28.8584	22.4154	20.1566	17.7785	22.1588	11.5377	8.1312	12.0635	14.6629	9.4047	8.8797	18.0817	25.0432	11.4977	12.358	14.7318
22.162	19.6137	14.6659	15.6357	21.6904	13.7665	10.3077	15.0467	14.2939	16.0767	18.0682	23.2974	19.869	15.3992	23.962	18.8248
21.5816	14.3484	25.7529	24.8111	18.0848	9.5879	13.5137	20.6983	22.4203	17.7575	19.5353	32.7377	24.0177	14.8335	33.8632	33.2162
9.7143	15.9687	15.2303	15.0912	18.5852	15.1358	11.8096	19.2302	17.3793	21.402	24.3521	28.809	17.9056	14.8973	35.7007	26.3887
15.0834	19.7816	26.2845	20.516	23.0179	21.8006	16.2137	25.7694	20.3955	26.854	29.4965	29.2909	20.1861	24.0624	31.076	21.8513
4.4926	15.2911	15.2217	7.4264	14.1624	24.8728	18.3326	21.1698	10.9797	25.937	26.5779	20.7555	6.9735	16.4558	23.5073	16.2841
3.5677	6.5233	10.423	14.2253	8.8857	10.9981	15.1349	21.2935	8.5211	12.1448	18.6509	30.5129	12.8344	21.2937	33.2982	40.1324
15.3694	13.4886	19.0794	22.5263	18.8504	18.2449	19.3883	29.6666	18.4121	27.5988	22.9555	24.6889	14.8955	24.9614	36.1796	34.6942
20.1322	14.7176	20.5326	17.7653	17.3965	17.3379	16.9578	20.6626	14.7488	18.9915	19.4732	16.128	18.8498	18.5463	16.4741	17.5259
4.9245	11.2642	15.1756	6.8404	9.9869	13.9304	16.6918	16.7034	14.099	16.9127	27.2412	18.0316	9.6218	12.4147	20.7381	11.1437
27.2236	21.2771	23.1947	23.2335	22.5399	21.499	16.837	20.994	23.3848	24.2817	18.8938	22.4273	17.5593	19.742	29.3034	21.4889
10.4156	9.2122	17.4685	12.3387	10.9408	11.8239	8.6075	21.8101	14.9959	6.8646	16.6686	12.1436	16.3428	16.8824	17.7261	25.0386
8.0754	9.8524	12.0997	17.1434	10.4487	9.7725	13.126	18.1973	14.1489	16.8366	16.8366	16.804	16.5431	14.2375	21.8336	16.8842
9.6524	14.3386	13.6883	20.8492	14.8179	15.7759	15.6008	20.3598	15.2948	15.0948	13.7405	22.0489	19.6848	21.9074	24.7022	21.5638
6.542	25.7265	16.1243	7.987	26.9926	52.1354	40.9696	24.4767	19.9418	44.3264	31.0343	18.7371	6.2348	22.7396	22.5973	8.6747
9.8324	15.6339	14.8701	11.3328	22.058	55.6632	47.3778	22.3851	14.5253	40.7188	34.308	19.4365	6.946	27.1785	20.2813	12.6924
12.8053	17.212	17.6327	19.3705	20.6502	19.0365	24.8081	20.5938	17.7979	25.5483	27.5191	22.5296	11.366	22.0006	29.9397	20.1496
5.7846	12.5965	8.835	3.1774	13.0696	28.6773	26.5846	11.9601	9.8053	20.7724	15.5653	13.6827	2.2647	11.175	13.7249	13.8047
29.4894	11.0867	24.893	18.1275	19.064	10.4859	8.6947	13.5405	21.7643	15.2257	19.9651	20.1372	20.4909	8.3011	25.5741	15.8399
21.3905	13.1107	21.1953	26.0767	16.4623	9.8752	14.3456	17.6633	20.6145	17.9124	18.178	24.1289	25.7353	17.1364	27.4638	23.4309
35.4415	14.6925	16.1086	33.4133	18.6144	9.56	10.1297	17.894	18.474	11.4834	13.4058	19.3138	31.3389	15.3606	25.5827	31.0268
14.9341	13.051	12.536	20.6178	17.4822	6.3723	7.7842	14.8733	10.6677	10.5668	5.0654	11.5303	18.2781	14.5733	13.5671	19.5805
16.4202	11.513	23.4599	23.1058	15.6199	4.6724	10.131	14.1671	19.6019	16.8493	19.777	25.6856	21.805	14.5242	26.7838	18.564
21.1937	22.5849	27.1444	24.0708	22.5178	13.6018	13.1988	23.8814	22.2325	21.9431	17.5857	29.7651	32.0584	19.6692	29.9183	23.1941
18.9272	11.46	23.5461	21.4639	15.1039	12.4639	11.1233	25.1679	18.9295	18.6583	13.884	27.166	25.2034	22.0271	27.742	32.5336
24.6998	10.9398	19.9057	22.1177	16.0556	9.6142	8.0172	16.5568	15.2135	17.274	12.5173	20.5157	20.0659	12.7878	25.0061	24.2728
16.2147	12.9054	13.6412	24.2231	16.8405	8.4031	12.1976	18.9469	11.6983	12.0541	17.2316	27.4006	19.7602	17.2862	32.2421	32.3144
11.6677	17.2245	16.3971	23.273	16.4032	10.2333	15.404	21.5887	19.7937	16.2812	17.2177	25.8671	20.6723	20.1033	29.7129	29.3206
12.0495	15.6787	10.343	15.804	16.8719	14.7065	15.5172	10.6562	16.0532	14.961	29.5671	19.6818	10.3113	16.546	18.4769	13.4156
21.0926	17.1699	10.895	17.0516	20.4428	10.5141	4.342	10.9727	9.4678	8.3212	12.0276	17.9439	15.7889	11.6636	16.1917	14.7145
14.9089	18.2463	10.6808	19.204	14.8373	10.248	14.4336	16.6474	13.7789	14.034	10.5683	14.056	19.3044	14.8598	17.5944	20.1179
19.4979	10.666	15.3731	17.622	12.9941	6.4361	10.3735	5.5128	11.1824	7.3458	8.3013	13.3932	17.3809	9.6773	11.68	12.6837
11.7721	11.2054	25.8904	9.9018	12.4173	13.1379	12.9143	16.8369	20.6554	17.2232	32.9118	17.9499	11.8036	15.1418	13.8786	10.5596
15.3335	17.8508	19.8409	18.1008	19.5924	14.3528	18.9183	22.1342	15.4587	19.3131	12.3705	15.0542	22.7953	18.28	17.4159	22.9888
8.6016	14.341	13.0355	9.4917	9.7768	12.9717	15.4811	11.9432	15.5051	18.035	20.6342	17.1335	9.9585	11.6986	16.1615	13.831
5.6055	19.8124	13.099	7.2191	18.214	45.7853	33.2847	23.6222	10.5832	43.0222	22.3899	12.6498	10.4368	19.1157	12.9947	9.7656
12.1831	9.6134	14.7594	17.1897	4.737	2.2351	15.693	11.0345	17.9659	6.9551	22.6756	24.8818	21.3703	11.0933	24.7616	26.3711
4.2724	10.041	12.5366	6.5876	7.784	11.5399	19.4752	13.9315	13.8545	20.4263	26.8484	20.798	11.1333	13.6988	20.4948	12.2976
8.8747	14.7009	17.0061	8.1941	15.5173	14.3579	16.8556	14.1722	12.5473	10.9155	15.9706	19.7944	15.4547	15.4007	14.6612	18.4167
21.2615	14.7563	18.3102	13.6696	14.6541	7.9866	6.5875	12.8259	11.013	5.99	13.8759	15.8586	16.522	7.581	13.8737	16.7139
21.3787	27.4588	18.6953	18.7791	27.6544	31.7172	17.2967	32.3934	16.4005	24.5662	17.1626	29.0976	23.0527	29.3758	27.4128	30.5982
6.0854	7.1636	16.4643	9.7798	9.3544	6.2778	12.6609	14.8319	15.7955	14.4163	21.6012	18.8168	9.7644	11.591	22.9497	10.367
10.2202	9.296	13.603	16.9861	11.8915	12.7278	13.5897	17.2734	16.4459	8.9783	15.2969	17.0007	12.7672	17.8222	19.3516	19.5896
15.0049	12.204	12.6181	22.0321	11.9712	6.1055	8.5113	14.8777	14.3184	7.7406	6.5346	15.1821	17.4725	16.4879	14.4446	19.5345
14.7918	22.8562	21.3184	19.1378	19.1705	25.3126	24.7358	30.3056	24.8514	32.4774	25.2806	23.3343	17.9571	23.6126	28.9726	17.5653
21.1479	19.7279	25.476	22.0294	17.6632	11.4426	14.0225	23.571	23.0771	16.8657	16.4909	26.5159	22.0819	19.2175	28.4914	28.2589
4.0104	11.5292	11.7417	5.4675	12.9423	27.3025	16.7409	20.8081	9.1654	13.464	21.5087	12.182	8.9294	15.2101	16.2459	7.7918
9.0727	8.9646	11.1412	14.0387	9.1301	9.822	6.1348	18.2807	9.2181	10.1804	11.5926	18.2179	19.9411	13.3148	21.6644	24.326
29.2494	23.5556	10.7714	20.4277	16.1871	13.254	13.224	17.0963	16.5645	10.6448	12.4934	23.3846	26.0931	18.3963	19.5541	22.4638
15.0416	21.3221	17.8363	12.696	19.2455	19.3517	22.3631	13.9451	24.0323	21.0625	34.5665	20.2662	9.6876	11.8682	24.9757	12.2195
28.5597	20.6	10.9546	20.8799	26.313	13.8069	11.7961	16.7874	17.9483	16.6981	17.77	16.7847	17.541	18.6041	26.2857	19.1503
12.7631	14.9836	13.6933	16.7657	12.9742	11.2708	14.5403	8.2133	16.7925	12.1546	31.1517	17.7815	8.6246	8.0834	22.2749	17.8923
14.5746	16.8894	16.8594	16.6061	14.5201	11.8227	13.7393	15.0597	16.4946	12.257	19.4718	17.9302	16.3076	11.0481	20.0972	16.9623
13.7179	14.9052	15.5436	12.6	18.9978	18.859	16.1685	18.0837	13.3584	19.9602	12.3818	15.6598	5.5351	20.9708	12.7636	17.5745
11.2845	16.527	14.7553	18.4746	21.089	23.2354	15.049	28.6407	13.6228	19.5208	11.9034	17.4383	16.1905	30.5357	16.7155	25.4976
20.2459	22.7138	18.1636	19.6513	20.3033	15.7155	14.6002	21.3139	20.2284	18.3093	24.9904	30.5901	18.4455	18.8761	31.6172	30.9955
16.3573	14.5575	17.358	19.5594	13.0587	6.3768	10.6135	13.9816	19.1815	12.1077	18.2461	29.7464	17.8559	13.8908	30.6941	32.6547
6.6726	16.7263	11.2164	16.7581	14.4027	18.8775	13.2571	26.2098	11.7765	12.3204	14.5077	23.7553	14.0801	24.0933	24.8857	36.7006
14.1424	20.2905	26.5955	18.3034	23.5006	25.9853	24.1566	24.2972	24.8928	30.302	25.3182	25.1086	19.32	25.1773	27.9393	19.9102
14.8893	15.137	15.6203	16.5155	15.4626	13.0589	13.1546	14.103	14.6093	15.2694	12.0451	20.1874	18.6095	14.6623	20.0914	20.7847
16.7002	8.0771	21.0725	12.8009	9.8188	9.223	7.7422	15.6873	22.3124	12.2078	22.6019	10.6791	13.4724	13.5802	14.9657	14.7786
11.4058	14.4254	23.9993	7.7448	18.2619	24.2959	21.1675	35.9206	21.0062	31.239	35.1576	22.3791	12.7555	27.1092	29.5564	24.5758
8.5337	9.797	15.5237	11.1197	15.6312	15.3353	12.5931	18.743	12.9249	9.2229	12.563	13.7399	12.4299	22.3071	15.1365	20.1191
19.8674	15.0929	19.9496	11.3578	14.7663	11.1916	17.0035	16.7682	19.587	14.4422	23.0176	19.0458	16.3244	15.5652	23.6668	21.4737
18.8597	30.7711	22.3308	14.1806	32.3916	30.7369	23.4806	26.6838	22.9671	31.6043	20.8405	22.3074	14.1934	23.3068	23.9399	16.6455
27.0195	21.4098	23.7987	24.8057	20.6091	14.3869	17.6668	20.5955	29.068	19.7904	21.1358	28.9035	22.4391	22.4762	29.9031	31.2317
20.0974	21.7837	20.6835	15.4866	18.2942	23.4836	27.3882	27.4626	26.3112	27.3155	29.0383	25.279	13.3025	25.8454	27.2913	26.1771
13.5568	18.0984	21.1853	21.173	21.7962	20.2169	19.9348	26.53	18.912	22.3504	22.5086	34.9969	23.1548	26.6506	36.1083	28.0671
14.4113	18.8644	23.0186	17.2944	27.525	29.1444	17.9514	18.8549	17.9508	26.9814	26.4577	20.8699	13.0841	17.1062	26.2214	16.784
13.4785	12.4269	13.8546	15.0943	10.8291	12.6914	9.6308	15.9753	17.578	12.1657	16.2016	17.2132	16.6991	15.7331	19.1154	21.2729
21.2729	17.2132	15.9753	15.0943	19.1154	16.2016	9.6308	13.8546	15.7331	12.1657	12.6914	12.4269	16.6991	17.578	10.8291	13.4785
