38.3227	37.0238	51.8644	47.421	29.7817	25.9453	36.8187	48.7803	48.7899	42.2809	48.3564	52.9034	50.9033	42.962	62.4475	58.3416
73.7899	57.9707	40.7833	77.7388	59.2947	39.6538	25.5272	53.8	43.6464	31.4493	20.6274	40.2928	73.0287	58.0074	46.0492	72.4714
46.1611	30.0912	26.8746	57.8956	34.0252	38.5751	29.5253	48.0425	44.5987	30.8627	37.9562	45.0934	50.1249	61.2361	53.74	96.4299
43.3261	50.0523	66.9024	44.3196	51.2763	56.4039	64.5113	47.4298	69.901	76.7017	88.3065	67.9074	47.5116	52.3343	69.4143	50.4717
75.0409	44.2473	67.0026	62.9316	50.3048	32.9256	35.2148	49.9523	56.247	45.0584	54.8107	52.1281	47.9141	52.7851	55.9254	64.8018
45.0279	47.9134	62.9654	50.9433	51.1778	71.9658	57.6135	55.4451	53.513	70.9944	76.1514	64.8502	38.1132	52.3053	63.9905	50.6401
35.8236	60.0122	38.6551	29.6945	55.4293	117.7231	86.5219	46.8359	54.4942	102.6159	98.5992	44.1446	18.7187	46.8703	48.6278	20.554
51.6385	38.5009	66.3352	46.9955	27.2387	58.1786	42.0933	55.1222	55.878	52.9071	66.784	52.0523	43.9175	57.7406	50.6487	56.3898
84.5832	44.517	75.2297	53.2614	41.5578	19.0572	28.4407	19.3912	79.9033	42.1178	69.3984	56.1038	56.1286	28.3289	73.5828	59.1088
89.956	34.0677	50.7594	87.4006	34.291	9.1808	15.5407	30.9802	50.6603	17.4281	33.1624	69.3932	83.39	29.4208	62.8099	123.9796
60.9464	42.3297	64.8902	59.5266	44.6667	32.0347	32.8959	53.9048	60.9868	24.2769	69.5704	51.9859	67.2081	36.6797	71.408	57.4
41.8862	46.0541	60.8557	42.4807	46.3315	42.3395	54.2594	48.7753	60.2798	57.184	67.3642	58.2336	48.6673	36.247	60.8024	42.3703
89.9825	55.2413	62.4478	91.5741	74.4852	36.3741	31.5802	55.5331	49.2349	33.3245	33.5432	53.9283	91.4629	58.6298	63.014	91.2842
111.72	62.6479	44.0276	92.7069	67.316	28.9295	27.331	46.2606	54.3872	25.8257	23.8864	57.8282	93.231	41.4874	59.1355	101.7592
72.2556	63.1657	30.5516	69.5826	52.6629	42.7904	30.4228	46.1962	41.8075	27.6521	39.829	81.4507	87.0927	47.2731	72.3306	116.837
127.1107	56.2077	36.3189	120.3913	62.996	28.6956	9.9113	45.8231	34.6445	7.9636	16.3341	45.1839	127.2895	43.5162	47.2417	120.562
34.9665	64.761	57.9886	34.615	60.097	99.6144	81.1961	56.6524	47.5865	68.9134	85.8384	51.2337	30.9325	48.7446	63.4726	26.9973
32.6815	9.4122	57.4849	88.2387	11.258	1.5638	13.2933	16.9672	55.7801	16.5526	86.8476	136.5175	77.6371	21.6138	144.3704	159.9714
91.0696	86.4387	61.6454	55.3965	84.7096	66.6701	45.5032	58.196	58.8588	60.8036	33.1054	37.7458	59.095	47.4687	35.4012	31.5027
100.5769	49.799	34.0238	58.758	55.0494	25.3916	23.8436	56.6801	25.5671	27.6699	34.497	74.4392	45.5421	47.2685	86.9593	175.8347
41.3326	66.0647	43.568	52.4912	54.5116	66.1677	48.9561	64.3474	51.5138	52.0154	65.7967	66.774	53.1212	63.8133	64.3539	67.0726
58.5611	45.7802	60.1256	59.7555	40.4822	46.1624	48.5609	72.5545	63.0374	49.778	56.3733	60.9862	53.8079	63.1625	72.106	70.6667
38.0913	13.4627	46.2432	83.7024	23.3647	5.0219	18.1533	39.3834	50.8388	20.096	62.7452	97.3958	87.4323	40.3181	116.5284	179.1228
65.1825	53.9085	63.5902	32.4853	62.4834	42.9617	45.2583	31.3695	64.5428	59.0445	54.3462	33.3489	32.8792	31.0107	38.8693	19.9516
61.6285	30.4162	35.0764	74.8803	28.8345	9.8583	14.8564	29.4571	41.1704	16.6977	21.0583	37.0338	63.7914	34.7439	30.052	77.3377
59.2903	49.8082	59.7012	71.1786	56.6175	39.6213	45.2386	62.0912	50.4887	51.2187	48.2101	56.1168	68.0663	54.05	64.2624	69.3603
64.6243	69.0646	61.8509	61.5208	56.471	76.2163	51.3633	92.1928	49.4737	63.4187	56.651	55.4428	61.4959	69.1085	53.1415	87.6339
64.9789	50.4873	90.0001	56.4077	53.0551	49.6523	53.3024	52.1886	81.2596	72.8575	96.8788	72.1102	62.0763	47.7335	64.4205	53.9713
38.4392	46.4774	65.582	54.2562	45.7835	61.0643	67.8431	65.948	54.2781	71.9293	86.5244	83.2055	46.9658	76.7096	74.5089	73.5747
46.4016	49.6028	39.9245	72.3686	45.565	40.1563	34.3249	62.4951	37.9904	36.6363	25.0574	51.1144	60.5252	68.2208	53.2728	82.185
39.5539	62.4573	39.1233	42.2088	57.1633	93.7256	70.8417	76.2721	47.7506	78.5009	54.154	55.0548	45.0522	81.6463	65.7616	54.0837
41.1841	39.8112	55.0124	80.7602	41.419	33.7859	35.1396	77.7176	45.6025	47.7659	45.1111	93.2903	70.2724	65.7457	82.7762	149.4061
96.3325	55.8822	59.9883	40.3535	53.6076	61.2572	77.4121	34.6184	90.5105	54.3947	143.0657	42.4475	34.2167	28.6872	52.8875	12.8187
81.8561	61.2747	70.8621	76.7421	60.7278	50.9568	41.5031	68.4378	73.9697	42.2991	52.1029	48.724	77.4512	54.4402	57.2794	69.5931
110.127	77.6158	58.3291	45.1481	55.9117	50.8898	57.5371	41.6481	57.0853	47.4306	57.1269	58.3088	41.0967	38.2976	46.0069	46.1809
87.0006	25.056	66.3587	72.7892	33.3104	16.7431	20.8434	47.9001	50.7289	15.8553	39.8453	53.1067	90.407	41.6787	60.2126	100.5849
15.559	29.4396	42.9497	29.3335	39.5735	69.2957	86.725	71.2122	43.4815	74.4942	86.4885	73.4598	34.7128	68.4885	80.363	59.744
84.3639	46.5828	71.241	84.0686	55.254	24.0504	36.061	43.9298	55.7274	38.4995	50.1213	57.4076	77.0329	49.9194	71.3075	76.3329
52.973	52.0424	64.4975	64.0704	57.5767	39.5062	54.0412	59.3033	70.0464	58.0218	60.9787	64.6435	63.1037	52.4904	70.9754	70.7896
51.2933	41.042	56.9347	62.4139	45.1295	29.4177	42.1389	56.5826	57.5748	47.3385	57.4267	89.8195	72.9079	68.6881	85.3168	115.9051
62.89	45.4037	78.8328	59.4355	43.6004	30.9141	48.3684	45.6718	75.9625	48.1183	84.6817	72.8942	51.8714	36.1824	65.3046	63.4785
31.6682	41.7909	51.0642	49.5543	35.1729	39.8018	53.9147	66.0095	55.3173	43.6931	72.7859	56.9388	52.3261	56.6713	88.84	84.9014
68.1706	28.3246	77.3682	72.9368	30.7635	15.2295	34.125	33.3871	71.6432	24.5806	75.2439	73.1606	76.0033	29.8527	75.08	69.711
27.0182	34.6281	49.14	44.1323	37.4423	38.9068	60.8216	59.4526	48.156	50.4633	85.5201	83.3822	33.6916	49.1059	96.4026	82.1866
40.1306	32.673	72.8819	55.7492	41.7396	24.0517	53.8742	43.9478	71.0558	62.2638	118.9847	94.528	57.2646	48.1056	85.042	61.0577
38.1095	28.1248	54.9408	40.3074	30.488	17.8752	43.6741	44.735	58.9623	41.1501	87.4537	66.9569	39.4305	39.5831	93.5455	80.5042
43.6229	52.2408	33.6064	63.065	44.356	52.5106	41.4891	75.8102	38.4901	44.2317	28.2137	51.2154	64.6125	78.6657	56.7714	94.9691
83.4553	36.5236	88.3441	49.5498	49.0216	17.2646	41.1757	36.0047	86.5618	37.2419	75.1901	56.8492	62.4119	37.4079	75.3818	81.2265
30.0323	31.8244	33.4285	58.4443	27.1125	30.064	15.8134	57.3181	40.7294	33.1818	43.3594	51.9686	61.6013	62.8596	57.0427	129.6116
91.3311	31.6629	60.9571	84.4128	43.1997	17.9663	24.9592	36.5256	49.7982	20.8288	41.1716	55.4757	76.4288	25.2461	62.1417	83.7354
65.4622	61.5205	60.064	67.5392	72.2801	70.5778	54.5134	72.0946	58.6424	57.2533	41.3259	56.7833	69.9962	74.6886	59.7565	62.3019
63.5565	37.8085	44.9639	77.1528	37.477	21.1351	27.6587	56.6775	40.7459	31.1097	30.471	66.8921	76.4715	56.2073	58.7718	136.7713
85.7293	40.2425	61.7905	66.373	48.0595	21.4379	26.404	50.2935	56.1768	28.3347	33.4947	43.7406	81.1764	40.1935	59.2662	87.9976
49.5618	46.2018	59.2524	68.5573	49.1109	34.9821	42.986	61.0514	53.5088	52.1448	51.1342	68.4197	55.6087	53.7458	64.793	69.3916
37.349	29.7418	63.6545	51.5624	33.3495	19.0332	36.932	42.2578	54.5252	42.7857	70.1756	67.2421	56.7598	36.9987	73.2629	65.3412
85.7183	48.1523	71.4587	87.8503	53.6031	28.8887	34.1969	52.1941	69.0864	45.0797	49.2294	67.2456	67.6468	60.8843	66.9143	100.0712
40.4195	24.489	48.9015	70.2741	21.4379	11.7789	14.2247	35.1885	51.9351	30.589	70.8796	60.1529	58.5693	28.4826	83.2678	113.8011
24.3647	52.7936	48.3895	30.4488	61.2323	129.3526	99.901	74.3758	38.2864	98.6244	84.6853	43.2183	31.6155	74.4087	61.8145	34.7086
34.8622	39.0208	70.4043	43.3152	46.8339	56.6126	57.1732	67.2236	56.8923	49.0452	97.3807	67.7729	44.9733	55.4943	84.6837	75.0821
106.485	49.9373	81.3532	58.5671	60.1224	26.6698	39.6001	38.3748	81.0061	36.9169	51.6705	42.8321	64.2021	32.3595	53.0413	32.4423
139.9854	50.9772	56.6401	81.7725	68.1481	23.1494	17.3215	39.1356	51.7208	25.7597	23.3988	36.3425	95.9733	35.2658	34.8267	50.2935
95.4646	87.6017	40.8655	49.1574	97.794	77.3408	31.6627	48.3267	38.5767	40.6685	34.2665	35.1051	52.3437	45.6306	28.1254	27.7807
23.7242	36.0276	32.9485	53.7226	33.4954	50.2619	25.9575	63.6504	38.0151	29.6305	61.583	75.6995	52.2358	61.183	85.841	98.4447
42.0492	48.4304	69.9493	46.8551	39.0616	79.8478	48.4401	85.3814	74.4046	69.3118	103.3733	75.0692	53.1318	79.8521	68.659	70.7233
88.7089	70.5494	73.5884	61.0931	69.8529	79.5571	48.6898	78.6777	55.8536	61.5194	48.9881	53.1788	76.1108	62.7863	51.9546	65.141
33.952	50.8544	62.5513	50.6247	51.466	74.6622	71.9237	81.3409	50.7373	76.0992	72.4009	79.6529	60.3094	74.852	68.2974	86.5258
30.5838	29.9985	56.7588	70.8982	31.1373	29.5306	31.1189	63.9922	60.5705	39.4726	115.9453	114.8203	71.1308	68.1889	106.4946	150.4788
19.3704	25.8211	68.2129	36.3922	27.7609	57.2601	75.5992	74.5104	51.0297	81.3339	144.3319	102.6251	30.3687	78.1167	103.0603	78.7467
67.0139	54.5649	71.8965	45.9274	53.6486	38.2657	61.2195	49.9612	71.2577	50.137	66.9335	58.7598	46.7922	48.9426	54.9435	48.4764
41.514	36.2644	69.0164	58.7259	37.5791	39.6176	55.346	59.822	71.3268	59.9162	97.42	84.8485	49.5378	55.9942	96.7178	74.5733
48.5309	64.3168	63.7037	45.04	57.0427	85.1974	73.1716	65.7337	64.4828	72.1714	64.441	55.2147	45.434	69.8112	56.5744	40.7738
47.4489	41.2086	48.6136	46.8675	40.5229	55.6126	52.7169	70.1152	41.2534	63.438	50.1361	62.8698	61.9286	70.2894	67.4913	84.8074
20.4007	47.2084	53.0613	19.5233	51.1772	104.6936	107.7702	56.6051	54.3313	121.9446	138.3111	78.2675	29.2737	56.6594	77.5319	37.7807
45.7357	61.6252	64.9582	48.6605	52.4005	71.3983	61.7104	59.2398	65.6004	55.6981	77.933	62.8495	58.0233	65.9459	64.1248	55.7367
36.2696	55.8497	68.8219	18.2287	58.2858	161.5489	126.651	58.3758	77.7028	117.0692	122.7978	39.9042	20.0808	54.6263	41.8016	13.1059
130.2393	67.8714	64.1008	104.7499	63.6716	31.7599	33.0998	55.1112	81.4712	39.4781	41.5544	70.0389	109.932	60.6939	81.9135	101.7541
86.0106	59.1803	74.1724	90.1854	52.4179	27.7383	47.2621	59.7135	70.5418	43.1062	57.2818	75.7988	83.3826	58.9589	77.5458	107.8236
32.3387	23.6788	48.4371	30.9225	34.3568	42.4857	32.4954	45.5771	48.716	45.9811	102.8986	46.0931	39.7084	37.6539	63.8653	47.7343
63.4321	71.7269	73.6483	59.6559	71.5939	80.0543	75.3283	65.172	65.0839	63.9234	72.0012	52.8662	67.12	55.5217	61.9762	55.4358
2.6105	28.5823	21.2611	7.2614	33.4778	241.8008	142.5051	76.924	19.7801	102.0267	128.7277	43.117	9.5476	76.285	48.4324	22.4605
37.4171	44.7856	55.6977	50.0118	44.1548	71.2806	60.1953	82.2126	49.937	64.3821	76.9765	75.6107	37.7961	87.6252	63.3033	86.8337
50.6582	56.7638	54.0277	48.5075	62.2583	60.502	48.0159	57.2231	61.9761	57.4439	80.836	62.2102	50.8003	52.3686	59.2598	42.4687
107.5549	72.67	80.5748	64.4232	65.4309	39.4423	50.0608	52.3778	79.6568	46.8089	55.8484	49.4533	63.733	42.9583	61.3525	55.8743
70.3189	50.4145	91.0622	40.8616	54.6545	83.3769	56.9972	60.4137	84.8356	52.4754	87.1351	47.3283	36.8184	72.9087	36.626	61.9931
28.7957	50.4874	50.5929	26.9611	51.7148	126.026	113.2374	87.4995	57.006	100.2461	84.796	58.2138	27.9043	84.4148	69.4153	53.8089
25.6436	26.6529	55.1818	6.8455	49.8031	101.202	51.7941	30.628	37.9047	36.1418	76.15	11.4897	13.8347	30.2185	14.6916	5.5578
52.5297	39.6885	44.8353	52.8114	50.6838	45.8102	38.438	52.1223	53.6133	51.6072	54.8139	47.2991	50.4376	47.2633	53.7485	53.5594
46.1795	64.9116	74.1286	27.6487	67.3526	90.6686	101.0956	52.1991	63.9797	108.4343	107.737	44.6702	21.5398	46.1122	53.7519	26.1007
50.9357	27.7706	34.9007	56.4159	31.6798	18.214	16.5752	35.0576	37.8568	20.4855	20.3039	31.739	55.4416	30.8227	36.9672	51.998
33.7977	20.0944	38.2938	48.3902	34.1531	23.5566	18.0527	39.08	21.8976	11.9553	30.5421	39.8221	41.8781	25.8728	39.5337	57.0968
27.6563	32.9086	30.1428	41.3441	42.7413	46.1902	41.3399	49.0102	32.8868	47.488	44.7977	67.8579	39.5473	49.5511	52.3748	77.1058
17.4251	23.6414	27.8725	37.5674	22.871	41.767	39.422	49.0697	29.2514	45.9082	68.4993	70.9053	34.2122	53.0794	72.6002	72.2715
29.9024	33.9808	31.0177	37.2816	32.2129	39.3399	22.8266	32.1359	37.8744	33.0092	62.7639	62.3195	34.392	42.9107	47.175	44.3279
62.0203	37.2563	40.7554	36.0641	41.0609	29.3596	29.1096	45.3849	46.9309	40.6638	31.7669	44.4292	48.8557	38.6189	38.9995	53.6402
57.971	42.7794	42.3826	73.1131	35.9029	29.0428	28.5011	50.1448	55.7009	27.1823	34.7787	63.4997	79.2303	51.8917	65.8946	92.6948
38.6958	28.3137	29.5844	44.1726	32.2781	19.1936	22.8564	27.3935	33.1768	16.2138	20.5611	27.8768	42.9581	28.3534	34.7016	36.2633
27.3009	40.2052	39.0282	38.7792	38.0256	60.3966	50.6039	53.5765	34.638	56.7634	38.2257	46.8272	33.5694	55.9285	48.3562	44.1391
45.2736	24.8922	40.2525	64.6762	32.7003	16.9845	23.9843	39.1703	40.6279	15.2861	30.6208	46.6066	59.1389	31.1555	57.455	79.5131
23.3068	24.144	37.4342	43.0101	28.0623	25.7989	33.4296	50.9331	29.2996	21.5676	39.9302	51.4104	48.0794	45.2184	63.4088	83.3043
23.8973	18.5902	28.8828	47.8197	27.0647	16.227	22.3827	45.6801	26.2122	19.0445	26.5955	48.8594	53.2854	41.767	51.7349	92.2727
47.4177	48.7132	53.3202	49.8588	47.7106	42.37	43.1372	56.6868	61.3664	48.3395	54.1122	42.3934	47.1912	52.8832	53.1726	48.8782
15.8462	21.1692	21.5894	31.6166	25.7716	20.0366	25.0704	29.8712	25.1559	28.0416	27.2915	43.8773	33.7199	40.583	47.5799	53.656
65.3063	46.0143	36.8202	38.0822	47.1023	25.6313	20.0859	22.846	35.7744	19.9983	20.178	34.9978	52.9213	29.5302	27.2087	34.6673
45.8075	41.2388	29.9999	31.7583	45.1711	32.7219	22.3605	28.3875	38.2122	33.8635	40.0106	48.629	47.0164	36.7073	48.7372	44.5602
49.0489	35.2692	50.462	55.2941	35.1234	20.8896	33.6387	43.7964	52.3063	34.8006	48.4	69.5782	55.4151	34.3292	70.6323	75.4078
24.0116	33.4682	30.7073	31.4331	35.6871	35.2933	25.7702	37.6684	41.8337	46.1979	58.1737	62.5361	42.076	38.8061	69.968	59.575
33.8565	45.311	51.7083	47.1663	45.5641	52.406	39.5802	51.2595	47.6677	56.6558	68.1092	65.1551	47.1594	58.4697	60.0753	52.2765
11.4167	33.0999	28.7862	20.953	25.1371	56.484	40.2	42.7745	27.3193	57.4105	59.5051	45.2036	15.0646	37.4628	48.0557	33.1547
7.7911	14.3065	23.7041	31.4423	16.4168	22.243	36.4534	47.425	17.3583	26.7181	41.0008	64.1617	28.4665	46.9366	69.419	88.1844
30.4436	31.5281	44.5829	47.8961	38.0251	41.3993	47.8889	65.1343	40.6934	52.1409	52.1699	55.5157	39.8552	58.1148	73.9419	78.221
43.1151	32.313	46.4411	36.0271	40.0729	37.0793	39.7152	44.4685	34.3348	35.9112	39.5599	35.073	45.0083	38.8951	37.1402	38.3158
12.2254	21.1116	31.9333	17.9911	22.8493	28.1922	41.2214	32.769	27.5249	37.7482	56.7808	37.6847	21.0086	26.5015	43.3901	23.6607
56.0944	49.0151	53.9832	54.1917	44.9874	44.7781	40.8313	44.1683	51.2925	50.7965	43.9747	50.4229	44.2722	48.7016	56.357	47.1044
23.0717	15.9319	35.6829	26.0632	25.3333	25.6585	24.6257	44.7856	30.2442	12.3286	35.5309	23.5537	37.9069	36.3297	42.463	51.3664
18.6937	20.3627	27.066	32.3601	24.2123	21.5699	30.7906	36.6447	30.4759	32.2707	35.2702	39.4501	35.0906	30.8109	43.2657	40.8266
23.5789	31.4002	31.0654	42.0708	30.3729	33.5236	34.451	40.7526	32.7226	34.8683	30.553	46.8109	43.536	48.5248	48.9916	53.6703
16.4967	53.0258	34.4472	19.9338	55.5733	119.7839	93.5876	53.3288	42.9399	97.3885	68.7766	40.5744	18.0495	50.4909	45.8312	20.4826
17.7946	36.3936	33.5664	24.0386	51.2726	119.8315	103.1292	51.4341	32.8417	90.9487	73.5581	42.7274	20.1079	57.8887	46.66	28.5176
27.7121	36.7403	43.292	43.2027	43.0504	43.2643	55.2194	46.5544	38.1513	53.8539	59.8364	49.7557	30.5047	47.7353	61.0078	43.062
10.974	24.5157	19.5294	12.5789	30.3182	61.1402	54.6289	30.1392	17.4388	40.6909	35.1524	28.8434	5.4127	22.9481	29.8467	25.3081
57.7154	25.9511	52.8322	41.0351	39.6645	19.6618	23.3125	27.9774	52.0182	31.9565	45.0068	42.5775	48.4654	21.38	50.3793	35.2478
46.485	30.8733	45.2515	57.5165	37.0947	21.531	32.9426	39.0472	47.9777	33.568	40.9277	50.1982	56.9017	38.2244	55.9564	55.2885
78.185	31.3766	37.8646	74.3771	40.4811	20.4521	25.2672	39.8338	44.8756	19.7069	27.7015	38.8216	70.2413	35.6289	53.3871	68.1632
35.6059	27.6133	25.4282	45.101	32.7011	16.6303	17.6373	31.6959	23.7367	19.6032	11.8261	25.9546	37.7406	30.0994	26.4739	41.6179
37.7104	26.2069	49.8136	49.8113	27.9538	13.0433	26.5815	29.0635	43.0996	33.9368	47.5902	54.6525	44.7926	32.0269	54.062	44.8367
50.8122	48.0788	53.7372	55.4586	47.308	31.727	32.6926	46.2383	52.8065	46.6083	44.1893	61.3544	67.9318	48.4853	60.8999	57.5129
41.2667	30.7379	43.0559	47.4456	34.9395	28.5356	29.5284	50.152	44.0304	36.9726	34.8887	57.271	57.4419	47.03	58.6494	72.7076
51.8414	25.387	44.6295	49.2114	32.4332	18.8359	22.3669	35.3736	35.6479	31.1774	29.4433	42.0422	50.3953	29.9797	47.6923	52.1472
33.3514	27.4947	34.6276	51.0877	33.4404	19.4981	30.1873	41.4612	29.2216	24.686	36.2107	54.6679	47.7511	40.3189	62.0085	74.0356
29.1851	33.6806	39.3253	49.8675	33.1756	24.5622	37.3976	47.2219	40.327	34.8149	39.9971	57.5465	47.8416	42.6875	58.034	65.8304
27.2468	33.511	22.8499	29.8871	31.7004	30.4401	33.7984	25.1977	37.2935	36.8268	58.3982	46.7372	28.2897	35.2916	35.1892	27.9322
43.4173	34.3351	21.4166	36.3978	39.5854	23.0095	9.9493	23.8816	26.3377	20.4695	25.4198	35.7267	38.521	28.5319	26.8391	32.189
31.9776	34.9477	27.7339	41.7332	31.8459	24.8866	28.5136	36.2	29.7243	27.8983	22.5712	28.6786	39.639	35.8377	38.388	43.4414
40.29	20.3228	32.1281	35.1483	28.2309	12.9537	20.5109	14.9362	27.3505	15.8255	19.4223	23.4654	35.072	21.5497	26.5944	26.009
27.384	27.4308	49.6388	26.4235	24.3462	27.34	28.3669	32.4324	46.7464	43.3434	69.5202	41.4057	23.7252	29.4083	27.7416	23.6235
36.648	37.1383	40.8208	38.5713	41.222	34.5057	40.638	46.0579	34.6678	34.6776	28.8161	34.4461	50.4506	43.3935	39.4379	50.2677
18.6158	29.1838	28.2914	21.1218	19.2172	26.627	31.6017	25.6775	34.0907	39.9293	43.3353	36.3697	22.8581	26.0465	35.3861	27.6756
13.1142	43.3995	27.0268	16.9226	39.0958	103.2968	69.6094	49.2506	25.9265	87.745	48.3687	32.0999	21.3954	45.5338	29.0713	21.3494
26.2328	17.8959	33.0959	36.1651	13.0786	6.2891	28.612	23.2812	39.0003	16.2184	47.0813	53.6081	46.8067	23.3273	55.5597	57.7647
9.3218	20.1792	25.6924	15.0026	16.7808	25.5489	44.2398	27.7441	28.9388	44.0805	61.1217	39.4923	22.8261	30.3455	44.2692	27.009
21.5536	26.4486	32.9575	18.1977	31.6319	28.6969	38.4032	30.9313	28.8341	27.2745	32.385	37.043	33.9904	36.0681	34.7947	39.9502
46.3628	29.7013	40.1065	33.7633	29.9152	15.0144	20.7094	26.1477	22.173	14.4328	27.2018	35.489	29.4467	16.0004	27.6926	35.3085
49.5691	59.5496	39.0338	48.5126	59.5712	68.352	44.2809	69.4219	39.4583	57.0393	37.1088	59.492	49.8221	63.4166	55.4752	72.057
14.6538	15.8762	29.9258	20.3255	17.8547	14.7877	30.9664	27.6294	33.2381	30.1661	48.6989	39.8	23.3553	22.4966	45.2461	26.1653
21.6119	19.996	29.3802	35.9131	27.2145	25.5366	32.443	37.1209	32.4575	21.8238	31.7648	38.7993	30.8552	32.5332	40.6973	41.0135
33.0976	27.2246	26.1735	47.3862	24.1027	13.96	18.4345	30.0785	29.0045	17.5787	15.0834	33.1418	38.5358	31.5226	28.2595	44.1621
33.4289	50.4099	46.9296	43.6358	42.9854	57.4714	58.8266	59.4406	50.7196	71.069	58.4757	56.2963	39.1125	54.5808	57.3926	41.646
48.9257	43.3465	51.447	55.0816	38.0053	26.686	35.4594	47.9659	47.1958	37.2684	39.3607	54.3485	54.0588	41.5334	58.9644	59.8749
9.0168	21.1162	25.241	12.9237	28.8991	55.765	46.4236	42.0824	19.1073	27.0172	43.2433	21.7115	18.8698	33.6319	33.6496	19.0476
18.2639	17.0528	23.4049	29.3502	21.1976	20.4337	15.0914	33.5249	20.0745	24.5207	24.9328	39.2876	39.9914	32.9963	43.7077	53.9155
59.0045	49.5185	27.8437	46.0091	34.8279	27.6859	27.9297	37.4247	41.3767	25.7122	26.8731	47.032	60.7048	41.507	37.7753	48.8233
32.0219	43.9856	43.1063	29.9762	37.4681	39.3823	52.1853	30.7706	52.4187	51.3375	70.1524	42.5197	26.8731	30.036	49.6916	24.7015
57.3099	42.915	31.1692	41.2439	51.7314	31.1855	29.375	36.472	44.6125	35.3443	33.9149	36.1977	47.7863	42.161	50.116	45.092
26.0404	29.0329	34.1511	35.7071	23.1951	21.2325	34.7904	20.7564	36.9773	32.458	64.7289	32.9124	19.7992	18.828	49.6192	35.5023
32.177	33.0181	40.1293	35.3191	29.7962	22.8313	32.7958	32.4461	36.0609	30.2118	40.1949	37.4571	35.9042	27.1581	40.9194	34.1706
28.2256	36.3657	31.6278	32.1326	35.5113	41.9355	34.713	41.2922	29.4472	42.0885	27.0568	35.6273	14.1331	41.207	24.6431	36.2966
25.5955	36.9195	27.7058	41.7071	42.8802	54.0947	36.1707	62.0406	30.3455	41.7018	24.1721	39.8615	36.6889	64.5316	34.9935	57.218
44.0115	46.2285	39.5781	49.194	42.5581	36.6512	32.5117	45.0981	45.2031	40.9121	55.5221	68.8462	44.4232	45.1482	61.9618	66.5437
35.3639	30.3499	35.5857	43.1586	25.9584	15.1331	23.4059	28.3883	42.8405	26.8623	42.8635	63.6496	45.0699	30.4951	63.0849	71.261
15.9177	32.2255	23.3153	39.1662	30.0959	43.2946	28.6688	54.6626	24.3915	32.387	30.3364	53.4056	33.2139	53.9573	51.0479	77.3843
33.6157	45.7793	53.3019	42.0852	48.1973	58.2369	56.6777	54.3804	52.8309	65.5894	57.9807	52.395	45.9032	56.3325	61.0663	46.3383
33.6359	30.8824	31.8781	36.1218	30.1889	26.1294	29.1432	31.5607	33.4551	32.6213	27.7313	40.4812	45.1935	34.5931	40.5874	44.6736
36.2153	17.4699	45.8118	24.142	24.2334	17.7956	20.7508	29.6854	44.7799	24.6964	46.5046	24.0986	33.626	26.6718	34.4163	31.6952
25.7402	30.913	48.9969	20.1343	39.102	54.5619	57.2206	67.2167	46.8235	69.0644	75.1486	53.7723	32.0817	60.1713	60.9814	55.6223
20.2313	19.2934	30.2304	22.5566	32.3095	33.3447	31.7837	40.1755	25.6331	19.9641	26.7062	25.9459	32.5264	44.7007	35.5458	41.6452
42.7886	28.1404	42.4129	28.1994	36.119	25.0957	37.9138	34.4934	41.5249	32.1926	47.9127	40.4425	39.1669	35.9999	52.7413	41.7489
44.6713	64.5955	43.9629	32.5631	65.4733	72.662	55.6836	52.4404	52.7978	68.5196	49.195	49.4046	36.8264	54.9077	46.2122	40.7954
56.7995	49.1292	53.1982	57.3765	42.3807	34.2569	37.3209	42.5231	63.0485	45.0828	50.0083	64.4717	56.1989	49.7716	61.5546	67.5895
41.819	48.0254	49.3006	36.7005	39.1552	52.7443	58.0281	57.0961	56.9925	61.681	64.3271	60.3298	39.2404	53.3038	57.4931	54.4739
31.1195	38.8512	45.3424	47.7496	42.1868	42.8315	49.3826	58.5378	45.649	49.5889	53.9852	72.5447	55.3357	57.8218	72.0081	67.7759
31.7923	41.9052	49.2999	39.4566	53.5286	61.7097	47.0761	46.2824	41.5054	56.6942	56.681	43.7734	33.6047	36.4511	54.7956	36.6764
28.8483	26.5952	29.6065	37.9035	23.1579	24.8204	19.2635	30.8227	37.1838	30.6491	32.537	38.8524	35.3234	36.1155	38.35	45.702
45.702	38.8524	30.8227	37.9035	38.35	32.537	19.2635	29.6065	36.1155	30.6491	24.8204	26.5952	35.3234	37.1838	23.1579	28.8483
