1.025	1.0176	2.0645	1.0292	1.0198	1.0091	0.0622	3.0503	2.0463	2.0378	1.0401	1.061	1.0292	3.0253	3.0794	0.0213	0.0133	0.0154	1.0197	2.0295	1.0093	1.007	1.0036	1.0552	1.0602	0.0188	2.0176	0.0763	0.0545	1.0278	7.032	1.0772	4.0468	1.0634	1.0632	2.0463	0.028	2.0336	1.0453	3.0428	0.047	1.0334	0.0348	4.0253	4.067	0.0653	2.0576	1.0291	0.0509	3.045	2.0365	1.0468	1.025	0.031	1.0607	2.0443	5.0661	3.0606	2.0479	2.0567	1.0279	1.0429	0.0601	3.0557
2.0741	3.0773	1.0413	2.0545	3.0812	0.0263	0.0453	4.0555	2.0534	1.0438	1.0045	3.0568	3.0751	4.076	2.0758	2.0682	1.0621	0.0479	5.0229	6.0715	1.0523	2.0247	0.0042	2.0299	0.0342	0.0225	0.0169	0.0298	2.0933	0.0689	3.0221	2.0427	1.0405	2.0323	0.0264	3.0705	4.0167	1.0095	0.0142	0.0775	2.0162	0.0057	0.0017	0.013	0.0383	1.0362	0.034	3.045	4.0552	2.0453	1.0676	0.0972	4.0764	2.0506	0.0397	1.0638	2.066	4.046	1.0135	1.0537	2.059	2.0496	3.0473	3.0676
4.0849	2.0434	1.0516	2.0399	0.0328	2.0465	1.0316	0.0125	1.0397	2.0204	0.0238	0.0257	2.036	0.0125	2.0494	2.0341	2.0347	0.007	0.0313	2.0297	1.0137	3.072	1.011	2.0625	1.0363	0.0058	1.0318	2.0252	0.0407	3.0324	1.0277	1.0721	1.0589	1.0231	1.0036	0.0103	1.0442	1.0296	1.0285	1.0054	0.0144	1.0407	5.0811	2.0586	1.053	1.0257	0.0103	4.0909	2.0425	0.0522	1.0243	2.0522	3.0353	1.0226	1.028	2.0761	1.009	1.0476	2.0579	2.0704	2.0422	2.0805	3.0973	9.2155
0.0306	0.0266	3.0575	0.0337	1.0537	2.052	1.027	0.025	5.0883	3.0742	4.0907	1.0577	0.064	2.0355	3.0218	2.0159	0.0398	3.0476	3.0555	3.0264	3.0348	2.0719	1.0804	3.0342	0.0335	0.0339	4.0769	0.0677	1.0203	4.0415	2.0697	0.0511	3.0497	0.0694	5.1355	3.0235	2.0451	3.0859	1.0431	2.0513	2.1139	4.0653	3.0951	3.0657	2.0499	1.073	3.0728	2.0442	0.0282	1.0173	2.0634	1.0536	3.0361	3.0416	1.0604	2.0721	4.0424	1.0468	1.0769	4.0488	1.0284	2.0441	1.0387	0.0598
6.1364	0.0326	2.063	3.0649	1.0344	0.0291	0.0254	2.0307	2.0886	2.0392	3.0892	3.0267	1.0412	3.059	2.0762	1.0342	2.0513	0.0319	5.0625	2.0288	0.0408	2.0176	0.0155	3.0376	0.0376	0.0265	1.0302	0.033	1.0829	1.0274	2.0416	3.0484	1.0566	3.0389	3.056	1.0515	4.05	1.0343	0.0389	1.0496	3.0506	1.0624	3.0501	0.0446	0.0271	1.0528	4.0212	2.0623	2.0409	0.0162	0.0549	1.0633	4.0503	2.0305	1.0507	1.0825	3.0294	3.0447	0.0526	4.0571	1.0244	3.0752	2.0453	2.0952
1.0436	2.0295	2.049	3.038	0.0524	2.0458	0.021	1.0238	1.0808	3.0558	4.0507	1.0634	0.068	0.0307	4.057	2.0208	1.0194	0.0431	5.0813	1.0341	6.0398	2.0744	0.0798	3.048	0.0171	0.0784	1.0603	2.0417	0.0219	4.0606	4.0653	1.0658	3.0604	1.0344	2.0825	2.0436	1.0459	4.068	1.0622	3.0784	4.0799	3.0481	3.0924	2.0667	0.0164	2.0498	2.0647	2.0598	2.023	0.0361	0.0307	0.0369	0.0398	3.0538	2.0381	2.0705	3.0419	3.0726	4.084	1.0429	2.0193	1.062	1.0518	3.0507
3.0202	2.0691	0.027	2.0518	0.0431	4.1018	0.026	0.0212	2.0405	2.0632	2.0205	0.0074	1.0054	0.0597	2.0206	1.0126	2.0793	1.0632	3.0342	0.007	3.08	10.1832	3.1303	3.0647	1.0668	2.06	5.107	2.0732	0.0245	4.0452	2.0521	0.0369	2.0612	0.0479	3.0509	2.0367	1.0445	4.1093	4.0678	1.0554	4.0688	3.1197	6.155	2.0606	0.0109	2.0604	2.0565	1.0341	0.0074	1.012	0.019	0.0028	2.015	1.0855	3.0835	2.0174	0.0174	3.034	2.1018	1.0207	0.0003	2.0379	0.0453	1.0033
4.0691	0.0278	3.0812	1.0365	0.0037	1.0332	0.0194	2.0414	3.0685	2.0795	5.0713	2.0446	1.0327	0.0167	0.0123	1.0647	1.0507	0.0211	2.0278	0.0227	1.036	4.0807	1.0568	2.0446	1.0314	2.0318	1.0361	0.0468	2.0377	2.0625	2.0742	5.0559	2.0694	1.0191	6.0817	0.0319	1.0296	1.0621	2.0435	4.0698	2.0889	3.0724	2.0762	1.0218	0.0319	2.0245	1.0394	1.0476	1.0253	1.0182	1.072	1.02	1.053	2.0426	1.0294	3.0667	3.0133	1.0224	0.0767	1.0322	1.0332	3.088	3.0396	4.098
4.1672	2.0422	5.0993	2.0563	3.0454	1.0422	0.036	0.0149	6.1263	2.072	2.0404	2.0654	0.0128	1.0288	4.0458	0.0484	1.0736	1.0206	5.048	0.0124	2.0137	1.0141	0.0246	0.003	0.0495	0.0192	1.0202	0.0234	1.0293	1.0097	1.0184	1.0093	7.0681	0.0698	1.107	2.0495	2.0747	2.0202	0.0307	3.0249	2.0588	2.0304	1.0582	2.0664	1.0378	0.0257	5.0829	2.0925	1.0562	1.0164	1.0486	1.0174	0.0218	0.0167	1.0211	1.0239	2.0601	3.0302	3.0946	4.0834	2.0484	0.0197	2.1171	5.0826
5.1371	2.0721	3.0692	4.0772	1.0612	2.014	0.0162	1.0481	3.0794	0.0195	1.0185	4.0717	2.0839	2.0286	3.0499	2.1064	2.0573	0.0109	3.0089	3.0636	1.0074	0.0025	0.0012	1.0205	0.0121	0.0007	0.0093	0.026	0.0231	0.0302	1.0126	1.0389	3.0576	2.0242	0.0506	1.0482	2.0177	0.0132	0.0139	0.0243	2.0332	1.0181	0.0314	1.0364	0.0653	0.01	4.0548	5.0912	4.0925	0.0257	1.0602	1.09	4.058	0.0019	0.0199	0.0144	1.0444	1.0272	3.0593	5.0977	4.0971	2.0264	2.112	11.2646
3.0602	3.0614	3.0411	1.0832	1.0195	1.0522	0.0173	3.0834	3.0462	2.0355	1.0574	4.0658	2.0382	1.0355	1.0733	0.0431	3.0411	0.0297	0.0277	1.0215	1.0195	2.0298	0.0123	1.0754	0.024	0.0123	0.0093	1.0091	0.0672	4.0515	2.0646	5.067	4.0591	1.0384	5.0928	1.066	0.0422	1.0013	0.0065	1.0297	4.0786	0.0127	2.1009	2.0595	1.0468	2.0073	4.0821	1.0503	0.0857	1.0429	3.0559	1.0199	2.0388	0.0397	1.0185	5.0424	4.1227	0.0192	5.103	1.0522	2.0531	1.0312	3.0802	1.0329
0.0158	0.0327	2.0472	0.0305	3.034	1.0368	0.043	2.0421	3.0574	2.0799	4.0848	2.0378	1.0244	2.0205	1.1016	2.0133	1.0501	4.0299	1.058	2.0312	1.0513	2.0466	1.0329	4.0676	0.0551	0.0117	2.0392	0.015	1.0715	1.0528	2.0545	3.0306	1.0295	2.0635	4.0669	3.0563	4.0408	2.0818	0.0111	1.0849	1.0432	4.0732	3.034	3.0859	0.0668	0.0283	2.0396	2.0532	0.0308	0.0298	4.0882	1.0419	0.0426	3.0297	1.0371	0.0134	6.06	1.0235	1.0853	0.0737	3.0277	1.0215	3.0477	0.0198
4.087	1.0623	0.0693	3.1054	3.0672	1.0425	1.0067	1.0459	1.0673	1.053	2.0379	2.0574	8.0595	1.1003	7.0825	2.119	2.1229	4.0428	2.0516	6.079	3.0734	1.0332	0.0203	0.0307	0.0223	1.0076	0.006	0.0178	2.0713	2.0309	0.028	2.0648	2.0384	0.0139	2.031	0.0933	5.0626	2.0295	0.0122	1.0421	2.022	1.0357	0.0183	0.0377	1.0522	0.0196	5.047	2.0505	0.0767	1.0432	3.0784	9.0834	3.0921	0.0523	0.0143	4.061	1.08	5.05	1.0703	6.0564	2.0964	3.0572	1.1	0.0818
4.1337	2.1196	1.0341	2.1031	10.0784	0.0636	2.0315	1.0697	0.0616	1.0175	1.0136	0.0612	6.0789	1.048	5.0814	4.1153	1.0974	7.0404	1.0621	7.038	0.0607	0.014	0.0145	0.0045	0.0174	0.0111	0.0197	2.0263	0.0537	0.0193	1.0509	2.0601	2.083	1.0173	0.0178	2.0841	4.0286	0.0123	0.0043	1.038	1.0221	0.0198	0.0038	0.0347	3.0416	0.0288	5.0475	2.1019	2.0803	3.0659	0.0362	6.1046	1.0586	0.0039	0.0205	1.0591	4.1031	4.0346	0.043	8.0984	2.125	1.0458	5.0954	2.0918
0.0489	0.11	0.0115	1.085	8.0523	1.1039	1.0123	1.0359	0.0225	1.0367	0.0086	0.0345	11.0667	0.0655	6.0425	1.1208	0.0741	7.0597	1.0358	6.0411	1.0735	2.0332	1.0445	0.0284	0.0216	1.0222	1.0353	0.0137	1.0459	1.0147	0.0611	2.0364	1.0173	0.0132	0.0097	1.1002	4.0112	1.0366	0.0202	2.0415	1.0264	0.0151	1.0155	0.0973	3.0359	0.0286	9.0617	1.1437	0.1192	5.0362	0.0337	10.0691	0.076	0.0133	0.0037	1.0522	1.07	5.0308	0.0947	13.1243	0.1097	0.0366	4.1546	1.0998
4.1559	3.1344	0.0537	4.1697	12.0938	1.0965	0.0341	1.0314	1.0296	0.01	0.0061	2.0488	11.131	0.0053	3.0664	3.1835	2.123	9.0448	0.0067	2.0664	0.101	0.0207	1.0004	1.0144	1.0188	0.0033	0.0003	0.0137	0.0456	0.0005	1.004	1.0422	1.0315	1.0213	0.0044	0.0288	0.01	0.0027	0.0007	0.0031	0.007	0.0	0.0112	0.0572	4.0506	0.0039	6.028	2.1049	4.2065	1.0553	3.0335	11.1215	1.0233	1.0167	0.0008	0.0396	0.0422	0.0033	0.0577	10.0793	5.1895	1.0591	0.0851	6.1902
1.0186	1.0776	3.0295	0.0134	2.0485	3.0911	0.0265	2.0382	1.0472	2.088	5.0423	2.0648	1.0149	0.036	1.0283	0.0095	2.0419	4.078	3.1256	0.0216	5.1409	5.135	2.0649	2.0442	2.0369	0.0571	0.0646	0.0444	1.032	5.0782	6.0474	0.027	2.0367	1.0173	3.0657	1.0301	1.0463	3.0583	0.0752	6.0704	1.0293	4.0584	1.0932	3.0977	0.0209	1.0508	6.1412	1.0496	0.0301	1.0237	1.0215	0.01	1.0312	3.1002	0.0365	2.0307	3.0364	4.0467	4.0985	3.0598	0.0057	0.0295	1.0509	0.0021
0.0154	0.0009	0.0213	1.0933	3.001	0.0001	0.0078	0.0267	0.0243	0.0041	0.0301	2.1226	6.0469	0.0049	12.0879	0.1853	0.0012	0.0009	0.0525	6.0152	0.0002	0.0	0.0	0.0001	0.0015	0.0011	0.004	0.0157	0.0023	0.0013	0.0563	0.0157	1.0268	0.0253	2.0227	0.1147	3.0151	0.0001	0.0094	0.0316	0.0517	0.0269	0.047	0.1973	7.0816	0.0522	24.1135	1.2397	0.0738	3.0087	0.0849	10.0832	0.0535	0.0001	0.0052	0.0175	3.112	3.0242	0.2454	31.17	0.1061	0.0179	1.3072	1.1188
4.1008	5.0979	2.0759	0.058	4.1091	2.0925	0.0361	2.0848	3.0693	7.0971	1.0459	2.0314	2.0309	1.0351	2.0473	0.0275	3.1039	0.0914	5.0851	3.0434	3.0702	2.042	0.0554	6.0517	0.0124	0.0595	0.0299	0.0219	7.1029	2.0692	2.0631	1.0351	3.0518	0.087	1.0378	1.0111	3.0863	6.0487	0.0299	1.1019	1.0354	2.0456	1.0071	1.0215	1.0363	2.023	1.0258	0.025	1.0751	3.0455	5.0448	2.0399	1.063	1.0377	0.0022	3.0416	1.0616	1.0639	3.0151	1.0352	1.0423	0.017	0.0166	0.0161
8.2028	5.1264	0.0534	1.0403	6.1341	1.01	0.0352	0.0142	2.0209	1.0367	1.022	1.0259	1.0142	0.018	1.043	3.062	5.1335	0.0411	3.0244	2.0455	2.0368	0.0081	0.0014	1.0243	1.0128	0.0115	0.0216	0.0279	0.0167	2.0332	1.0447	4.1011	0.0409	2.0141	1.0104	1.0235	0.0291	0.0248	0.0129	4.055	0.0098	1.0175	1.0051	1.049	2.0296	2.0387	1.0577	5.1718	1.0456	0.0154	1.0208	1.0313	2.0452	1.0144	1.0254	2.0735	1.0456	3.0677	1.0326	8.195	0.0526	2.078	10.2074	12.3124
0.0251	1.0552	1.0238	1.019	3.0851	5.0889	1.0483	3.062	2.0287	1.051	2.0466	0.0513	0.0359	2.0419	4.0381	1.0528	2.0385	5.1033	1.0244	2.0725	5.0654	3.0725	2.0582	0.0632	0.0385	0.0092	2.0487	2.0813	1.0356	1.041	5.0317	1.0848	1.0283	4.0557	0.0916	2.0204	0.0419	1.0443	0.035	2.0164	2.0729	0.0368	3.0611	4.0561	4.0553	1.053	3.0994	2.0468	0.0302	2.0712	3.038	2.059	2.0421	1.0542	1.0362	2.0523	3.0514	2.0406	2.0699	4.0658	2.0672	2.0523	0.0614	3.0674
0.077	1.0317	3.0634	2.0561	4.0181	1.0364	0.0241	2.0861	4.0888	2.0353	2.057	2.0366	2.0578	1.0519	1.0546	2.0349	1.0185	2.0253	1.0271	2.054	1.0121	0.028	0.0221	4.0823	0.0176	0.0547	0.0289	1.0168	2.0188	2.1131	6.131	6.1066	3.0847	3.0439	4.0779	1.0673	0.0361	1.0304	1.0432	7.0746	5.0763	0.0297	1.0382	0.0394	1.0377	1.0435	1.0497	0.0304	2.0366	0.0443	2.0516	1.0219	1.0474	3.0445	0.0408	3.1371	2.091	7.0681	3.063	0.0719	0.0402	3.0612	5.0704	1.0371
0.0408	0.0027	1.0147	2.0909	3.0122	0.0	0.0008	1.046	0.009	0.0007	0.0289	1.0917	6.0812	1.0058	8.0576	1.158	0.0417	1.0001	0.0304	6.0377	0.0082	0.0	0.0008	0.0142	0.0031	0.0002	1.0053	0.0281	1.0454	1.0002	0.0381	1.054	0.0258	1.027	0.0124	0.0677	2.024	0.0	1.0178	0.0275	1.026	0.0409	0.0729	2.1252	6.0459	0.051	16.1016	1.1773	3.0547	2.0292	0.073	9.1319	2.066	0.023	0.0174	2.0506	0.0948	3.0275	2.1579	20.1308	1.122	2.0956	1.2135	7.2176
1.0861	3.0652	2.0679	1.0178	4.049	1.0765	0.0316	0.028	6.1022	2.0912	5.0533	2.0344	0.012	1.0182	1.0166	0.0304	2.0775	2.0533	7.0911	0.0088	2.048	1.0178	0.0486	2.0367	1.047	0.0495	0.043	0.0291	1.0245	3.0221	3.0422	0.0346	4.0547	0.0594	5.0846	1.0438	3.0845	3.0342	0.0578	1.0323	1.0692	4.0511	1.035	0.025	0.0181	1.0596	1.0149	2.0228	0.0299	0.0071	2.049	0.0067	2.0496	0.0225	1.0308	4.0265	2.0275	1.0166	0.0507	2.0269	0.0233	2.0294	0.0351	0.0178
2.0857	1.0282	2.0386	3.0906	2.04	1.0011	0.0205	2.0676	1.0394	1.0093	3.0391	0.0596	4.0897	2.045	1.0253	2.0742	2.0425	1.0035	1.0699	1.007	0.0195	0.0001	0.0035	1.0013	0.0063	0.0031	0.0197	0.0176	2.0362	0.004	1.0348	3.0397	2.0399	1.0379	0.0064	1.0419	0.0267	0.0091	0.0019	1.0142	1.0304	0.0154	2.017	2.0235	2.0428	1.0451	0.0068	2.0507	2.0745	2.0606	2.0326	4.0934	3.0366	0.0142	0.021	2.0551	2.0377	0.0274	0.0095	2.0365	2.0803	2.033	2.0425	2.1021
3.0479	1.0417	4.0617	4.0832	0.0249	0.0394	0.0086	1.0659	3.0426	4.1035	2.0549	0.0417	0.0375	2.0779	3.0583	3.053	3.0598	0.0194	2.0697	2.0508	3.0344	0.015	0.0226	2.0502	1.0296	0.0343	0.0254	1.033	1.0464	4.0526	4.059	3.1165	4.0201	0.0327	1.0724	2.0603	3.0811	3.0375	1.0612	6.083	0.0196	3.0667	1.0285	1.0323	0.0233	1.051	1.0805	1.0302	2.1057	0.0298	1.0275	0.0317	2.0722	2.03	1.0299	3.0781	3.094	6.0459	2.0386	1.0791	2.0993	1.0406	4.0599	3.0364
3.0572	2.0676	2.0678	2.0474	4.0623	1.0724	0.0269	4.0765	1.044	1.0803	4.0451	1.0231	1.0312	3.0625	1.0339	1.0732	2.071	7.0768	3.0493	1.0596	3.0742	1.0942	1.0289	2.0932	0.0164	1.0463	2.0593	0.0268	1.0413	5.0575	1.0487	5.1401	1.0317	0.0428	1.0444	2.0466	5.0817	2.0481	1.0557	1.0382	1.0674	6.049	1.0834	2.04	0.0371	0.02	4.0561	1.0401	3.0791	0.0277	1.0308	1.0381	1.0382	3.0758	1.0373	5.0751	2.0398	1.048	3.052	2.0656	3.0962	2.0864	2.0672	8.168
4.0559	0.029	4.1285	2.0474	2.0204	1.0318	0.04	2.0424	3.052	1.0728	4.1324	3.0535	1.0426	2.0431	2.0773	2.0575	0.0313	4.0485	5.0615	1.0513	4.0669	2.0541	1.0468	0.0288	0.0157	1.0642	1.0693	1.0236	2.0181	0.0595	3.0352	3.0673	3.0955	1.0247	3.0511	1.0814	2.0779	3.0599	2.0575	5.0801	2.1313	5.0703	5.0884	2.0874	1.0722	0.0349	5.048	0.0635	3.078	0.0329	0.0814	3.0391	2.0435	1.0564	0.0445	1.0289	3.0428	5.068	3.0526	0.0499	2.0986	2.0367	1.0533	4.0347
1.0294	0.0336	1.0572	1.0213	2.0394	1.0196	0.0554	1.041	2.0601	5.0551	1.0487	3.0687	2.0195	1.0461	4.0457	0.0619	1.0198	1.0345	4.0623	2.0501	1.0416	1.0625	2.0503	4.0569	2.0488	4.0449	3.0891	0.0775	0.0528	2.0673	1.0459	4.0782	1.0482	0.0429	5.0565	1.0614	4.0324	3.0533	5.0798	1.0511	1.0615	1.0793	1.0922	4.0762	2.0603	0.064	4.0799	4.0727	0.0441	3.0442	1.0565	3.0403	1.0528	3.0859	2.0795	1.063	2.0385	3.0604	2.0793	3.0545	3.0515	4.1051	1.0615	4.0922
0.0476	2.043	1.0372	2.0562	2.0565	2.0475	0.0248	3.0664	2.0526	1.0262	2.0367	0.0502	4.0308	2.074	4.0537	0.0508	0.055	2.0344	0.0425	6.0512	2.0519	1.0115	0.0154	2.0538	0.0242	0.0275	0.0083	0.0185	2.1059	2.0465	5.0714	2.044	3.0249	0.0423	2.0276	0.0438	2.02	0.036	0.0086	2.0415	1.0209	0.0152	0.0122	3.0365	0.0121	3.0494	0.0377	3.1052	2.0379	3.0765	1.0478	2.0559	2.0548	2.0412	0.0332	4.1096	2.0259	4.0483	2.0277	3.0982	2.0696	1.0808	2.0492	3.0971
4.0523	1.0284	1.0429	2.0539	0.071	3.0504	0.0198	4.0465	1.0077	1.0888	2.0265	1.0125	0.0255	0.0991	2.0263	2.0222	2.0557	3.0384	1.0514	1.0481	2.0503	2.0737	2.0883	6.0908	1.0254	1.0587	0.0645	0.0484	2.0516	6.0982	8.1347	2.0778	1.0128	2.0623	1.0254	1.0583	2.0391	5.0857	1.0567	4.1481	2.0411	5.0536	1.0196	0.0635	2.0229	1.0452	2.0679	0.0363	1.0567	1.0586	2.016	0.0083	3.0332	2.1119	0.0589	4.0767	1.0615	5.131	4.0566	4.0386	0.0396	2.0384	2.0595	0.024
1.01	1.0104	2.0633	1.0329	0.0149	0.0223	0.0122	1.0455	2.0595	3.0661	3.0597	5.1029	0.0608	1.0485	4.0498	3.1	2.0187	0.0226	2.0379	2.0874	3.0372	0.033	0.0162	3.0426	0.0102	0.0121	0.0037	0.0596	2.0438	3.0623	4.0395	3.1455	0.0201	0.0447	6.0422	1.0729	1.0356	1.0353	0.0242	6.0661	2.0333	1.0462	0.0321	1.0549	3.0684	1.0634	2.0543	4.1212	1.0321	0.0171	3.1308	4.0657	2.0794	5.0385	0.0329	2.1384	3.0764	4.0368	1.0697	4.0899	4.1005	4.1151	2.1293	10.1794
9.2455	2.05	1.0446	4.0764	1.0829	3.0648	0.0277	2.047	2.0474	3.0355	1.0626	1.0123	2.0691	2.0576	2.041	0.0025	3.0382	1.0777	3.0352	1.0525	2.0507	2.0481	3.0643	2.0531	1.0489	2.0797	1.0654	2.0301	1.043	1.0415	3.0563	0.0004	4.0996	1.0411	2.059	1.0341	1.0342	4.047	2.1085	1.0334	4.0694	2.0555	10.3057	3.1067	0.015	2.0088	4.1339	0.0003	1.0364	1.0386	1.019	0.0109	4.0219	0.055	1.0238	0.0075	1.0681	1.0523	7.1036	0.0088	0.0012	0.0002	0.0017	0.0
4.0667	2.0578	5.0559	2.0867	0.0474	3.0791	0.017	2.0695	1.0923	3.0839	4.0657	4.0487	1.0744	1.0593	1.0687	4.0665	2.0332	1.0212	2.0809	0.0641	2.0541	4.051	1.0403	5.0922	1.042	0.0102	0.0232	0.0328	4.1031	2.0375	3.0315	2.0795	5.0764	2.0815	3.0682	1.0441	1.061	3.0538	0.0128	1.041	3.0744	1.0212	1.0646	1.0327	0.0654	1.0032	4.032	1.0262	2.0899	0.0516	2.0855	5.0857	2.0371	2.0548	0.0313	2.042	6.0685	1.0529	1.0395	1.0242	4.0654	2.0651	1.0415	2.0914
11.231	3.1366	4.0573	2.0337	1.0817	2.0863	1.026	2.0114	2.055	1.0609	2.0457	1.0584	0.0083	1.0356	3.0579	1.0536	4.1148	1.0299	1.0593	1.0395	4.0952	4.0389	0.062	0.0341	2.0295	1.0346	2.0518	0.0324	0.0155	4.0262	2.0273	1.0345	5.077	2.017	1.0765	2.0552	1.0424	2.0662	2.0322	1.038	0.0612	2.0346	1.0516	2.0516	0.048	1.0414	5.0456	1.0481	0.0352	0.0219	0.0259	0.0272	1.0242	0.0399	2.0282	4.0466	6.0757	2.0488	0.0488	4.0408	0.0305	1.0397	2.0581	1.0412
4.0814	1.0429	2.0811	2.0868	2.0368	1.0205	0.0145	1.0304	2.0866	0.0195	2.0639	4.0678	4.0852	1.03	6.0682	1.0998	0.0408	1.0037	2.0324	4.0518	2.0219	0.0027	0.0192	1.0279	0.0117	0.0006	0.0261	0.0262	0.0612	2.011	2.0348	1.0448	3.0492	0.0177	2.0791	1.0552	1.0159	0.0043	0.0121	1.0146	1.0449	0.0122	2.0224	1.0371	4.0547	1.0413	2.0259	3.1019	2.1207	2.0379	2.0547	5.0891	2.0481	2.0327	0.0198	2.0782	3.0583	2.015	1.0398	5.0924	3.0976	1.0734	1.0758	4.1057
0.0013	0.0224	2.0189	1.0046	0.0257	0.0322	1.0139	0.0225	1.0277	4.0773	2.0495	2.051	0.0138	1.0074	2.0348	0.0179	1.0219	0.045	6.0582	1.0258	1.0471	2.0478	2.0546	3.0786	1.0482	3.0741	1.068	1.0632	0.0204	2.1223	3.0976	6.0546	2.0127	1.0199	1.0845	2.0578	3.051	4.0891	0.0982	5.0873	3.0313	4.0586	2.0492	3.1077	0.0283	4.0517	1.1193	2.0763	0.0232	0.0069	0.044	0.009	4.027	2.0553	3.0867	2.0806	1.0769	1.1157	7.0812	1.0583	0.0212	4.0608	4.0811	2.0414
3.0893	3.0255	1.0581	3.1315	2.0476	0.034	0.0229	3.0338	1.0791	2.0462	4.0586	2.0376	6.0706	1.0281	2.1183	3.1023	4.0716	2.0357	2.0427	1.0747	2.0483	1.0116	0.0229	1.0257	0.0412	0.0029	0.029	0.0156	1.0602	1.0331	4.0274	1.0188	2.0567	0.0314	4.0722	3.055	1.0469	1.0302	0.0179	2.0432	3.0298	2.0578	1.0478	1.0626	1.0635	3.0372	3.031	0.0589	1.0868	0.0571	2.0601	5.0581	4.0816	2.0328	0.0253	1.0369	5.0698	1.0474	2.0681	4.0748	0.0664	2.0742	3.0845	4.0859
1.0156	1.0363	1.0644	2.0617	3.0458	0.0344	0.0449	1.0493	5.0785	3.0522	2.0643	3.0567	0.0191	4.074	3.0687	1.049	3.0487	1.0533	6.058	1.0654	1.0349	0.0177	1.028	2.0308	1.0571	1.0434	0.0267	0.0526	1.0332	1.0487	4.0648	4.0953	0.0767	2.0676	6.0796	4.0562	5.0819	1.0224	0.0381	1.0582	4.0556	1.0587	0.055	2.0398	0.0236	3.0766	2.0452	1.0522	1.0486	0.0173	0.0612	1.0275	2.0623	3.0334	1.0667	5.0803	3.107	2.0463	5.0666	1.0485	1.0808	3.0365	2.0904	4.0752
3.0314	2.0516	1.061	1.0506	3.0374	0.0261	0.0413	4.0417	0.0551	2.062	3.0507	6.0639	1.0686	0.0203	2.0632	0.0437	0.0317	2.008	4.0781	2.0409	1.0248	0.011	0.0155	1.0437	0.0064	0.0277	0.0376	0.0397	3.0522	3.0325	2.1038	4.0647	2.0441	1.0658	1.023	0.0418	2.0381	1.0301	0.0078	3.052	1.0517	1.015	1.0345	4.092	3.0732	1.0816	6.0593	5.161	2.0891	2.0308	5.0744	0.0626	2.0583	2.0393	0.0465	4.0996	3.0615	2.035	3.07	5.1632	2.0633	4.1096	3.1024	5.1301
3.0818	2.0078	4.127	0.0369	3.0433	1.044	0.0381	3.0398	2.1002	2.0477	6.0899	1.0772	1.033	0.0439	2.0281	1.0325	1.0448	3.0435	2.0408	1.0351	1.039	1.0366	1.0353	2.0273	1.0316	0.022	1.0393	0.0182	2.0282	1.0291	1.0562	3.0632	4.0767	0.0789	1.1013	2.0161	1.0482	2.0376	1.0158	1.0603	4.0877	3.038	2.0864	5.0946	5.0365	1.0293	4.0975	1.1016	1.0496	2.0339	4.0459	1.0493	2.0294	1.0189	0.0219	1.0494	0.0584	0.029	4.0808	5.0888	1.0964	2.0173	2.0793	3.0529
2.0219	0.0373	1.0537	2.0168	1.0054	2.0464	0.0162	1.0745	2.0482	2.0285	3.0558	2.0518	0.0069	2.0428	1.0477	2.0787	0.0016	0.023	3.0341	2.0414	2.0343	2.0344	0.0414	4.0517	0.0226	0.0266	0.0242	0.0402	0.0463	2.0444	4.0932	5.1151	3.0875	4.0538	4.0669	1.0683	0.0127	0.062	0.0152	3.0375	5.125	0.0192	2.1044	2.0265	0.0287	1.0591	5.0706	1.0283	0.0191	0.0283	1.0375	0.0486	2.036	4.019	0.0407	3.1304	5.082	1.0531	5.1048	3.0693	1.04	3.0679	4.1208	4.086
2.0528	0.0182	2.0803	3.057	0.0319	2.039	1.0106	0.0407	5.0946	3.0304	3.0908	3.0922	0.0851	1.0102	3.0531	3.0841	0.0112	1.0115	2.0499	0.0252	1.0218	1.001	0.039	3.0234	0.0299	0.0099	0.0352	1.0163	3.0377	0.0011	2.0508	0.0295	3.0679	1.0338	5.111	1.0808	2.0246	1.0222	0.025	0.0241	4.0728	0.0192	2.0587	2.0827	4.0719	2.0105	3.0708	3.1111	2.0763	1.0585	6.0782	3.0696	0.0184	1.0229	0.0163	2.0274	1.1101	0.0248	3.0669	5.058	5.0871	0.0517	1.0889	3.0652
0.0092	1.0253	1.0354	0.0184	0.0363	1.031	0.0289	3.0419	4.04	2.0514	3.046	2.0608	0.0207	2.0239	0.0279	0.0369	1.0275	0.0296	5.074	0.0086	3.0319	2.013	0.0607	1.0399	0.0423	0.0235	0.0654	0.0262	0.0331	3.0427	4.0952	5.0609	1.0441	2.0534	5.053	1.0607	2.0273	2.0598	0.0217	1.0659	3.062	0.0454	6.0762	4.1376	1.017	3.0463	2.0793	3.1202	0.0075	1.0298	0.0357	1.0218	1.0442	1.0382	0.0458	7.0699	2.0669	3.0544	4.1531	4.0655	1.024	0.0666	7.1407	3.114
1.0234	2.0186	2.0654	0.0372	0.0151	1.0111	0.0122	1.078	3.0579	2.0555	7.101	3.1148	2.0095	2.0054	1.0739	0.0626	1.0379	0.0445	5.068	5.0184	0.0324	0.0112	0.0195	3.018	0.0281	0.0253	0.0679	0.0089	0.0699	2.0359	3.0667	2.0372	2.0371	0.0188	3.123	0.0516	6.0605	1.0313	0.0478	2.0616	2.0747	2.0775	6.1489	6.1382	1.0875	3.0987	7.0803	3.0692	1.0474	0.0381	5.0774	0.045	5.0492	1.0265	0.0504	2.0597	0.0588	4.0422	3.1217	5.0819	3.041	1.0448	1.0834	1.0315
0.0614	2.0274	1.0373	0.0127	4.0687	0.01	0.0201	0.0182	1.048	1.0473	3.0632	2.0303	1.0189	1.0502	3.0355	2.0391	3.0199	0.0515	2.0564	2.0163	0.0084	0.0028	0.0022	1.0166	0.0094	0.0074	0.0446	0.0396	2.0047	0.039	4.069	3.09	0.053	2.0274	3.0721	3.0442	2.0477	0.014	0.0431	3.0508	5.0656	3.0581	3.1015	2.0907	0.0442	1.0498	5.1092	2.044	0.0039	0.007	2.0357	1.0469	1.0183	1.0032	0.0356	5.1167	2.0887	1.0429	7.125	4.0867	0.0249	5.0277	2.133	2.126
4.064	1.0337	0.0075	3.1032	0.0168	1.0316	2.0296	5.0778	3.0185	0.0395	1.0116	0.0325	1.0293	1.0593	0.074	3.0734	2.033	1.0367	1.0219	0.0372	0.0326	0.0501	0.0295	6.0564	1.033	1.0306	0.0428	1.0375	2.0506	5.0944	6.0624	3.1253	1.0487	3.0425	2.0335	2.0462	1.0045	1.0485	0.0171	1.0842	2.0381	1.0262	0.0184	1.0282	1.0277	3.0466	2.0308	0.0443	1.0627	3.0419	1.0242	0.0489	2.0633	4.0563	1.0527	4.1288	2.0813	1.0592	3.0346	4.0513	1.07	3.1132	2.0595	5.0901
1.0554	2.0321	4.1152	1.0529	2.0792	1.0126	0.0222	1.0253	5.1179	3.0517	3.1053	1.0766	2.0317	0.0348	8.0587	1.0775	4.073	0.0327	3.0672	2.0322	1.0204	0.0034	0.0046	0.0222	0.0307	0.0191	0.0203	0.0118	1.0503	2.0271	2.0529	3.038	2.0972	2.0573	3.1204	5.0743	5.0635	0.0078	0.0468	2.0405	5.1063	2.0383	3.0553	0.0406	2.0251	1.0172	0.1017	2.0503	1.0317	0.0171	2.063	3.0562	1.0419	0.0231	0.0083	5.0659	2.0981	2.0495	4.0635	5.0805	1.061	2.0413	3.0782	0.0918
0.026	0.0185	1.007	2.0377	0.013	1.0325	0.0014	2.0346	1.0349	0.0221	4.036	0.0476	2.0384	1.0589	1.04	5.1133	0.0112	1.0264	0.0115	4.0528	2.018	1.0577	0.0091	2.0304	0.0015	0.009	0.0082	0.0144	2.0341	2.0549	2.0287	3.1308	2.0276	1.0124	2.0493	1.0534	0.0228	1.0205	0.0001	2.0473	2.0709	2.0254	2.0912	3.0471	0.0343	0.0095	4.0571	0.0492	1.0245	1.0243	1.0483	2.1032	4.0728	2.0195	0.0226	3.1376	3.0353	1.0344	3.0841	1.034	1.0969	6.1361	1.0605	9.1503
7.1659	2.0626	5.0906	1.0657	1.0313	1.0306	1.0139	2.0537	4.0783	1.0373	2.0516	3.0981	1.0682	0.0039	2.0467	1.0547	1.0319	0.0491	2.0447	0.0162	2.0297	1.01	0.0205	0.0136	0.0224	0.007	0.0159	1.0066	4.059	1.0245	0.0199	3.0506	3.0639	1.0081	1.0407	0.0385	0.0361	0.0149	0.005	3.0247	0.0185	1.0147	2.0377	3.0477	2.0766	1.03	2.0566	4.0924	4.1228	2.0096	2.0909	3.0536	0.0421	1.0144	0.0125	3.062	1.0307	1.0065	3.0586	1.0917	4.0718	2.0575	2.0685	4.1294
1.0464	1.0407	2.0819	3.0514	4.0613	1.0383	1.0424	2.0425	2.0712	2.0705	2.0467	4.0763	1.0817	1.0563	4.0718	3.0735	2.081	4.0367	6.0881	3.119	6.1067	2.0513	0.0579	1.0507	0.0194	1.0404	0.0196	1.0628	1.0416	5.0755	1.055	1.0218	2.0396	2.0452	1.0182	2.0747	2.0714	3.1045	0.0194	3.04	2.0374	3.0293	0.0328	0.0445	0.02	1.0759	5.0367	2.0808	2.0535	1.0581	1.0657	1.0387	3.085	3.0824	1.0224	2.0723	3.0496	2.0993	3.0459	3.0342	2.061	3.061	1.054	2.0442
1.1051	2.0461	2.0428	2.0699	3.0305	1.022	0.0124	2.0697	4.0533	0.0154	1.0473	2.022	4.0769	1.0385	0.0291	3.0939	0.0536	2.0204	1.0153	4.032	0.0229	0.0018	0.0113	1.017	1.0287	0.0213	0.0249	2.0267	0.0678	0.0577	3.0653	5.0624	3.051	1.0393	3.0486	0.0325	2.0204	0.0169	0.0187	0.0556	0.03	0.0245	1.0216	2.0521	1.0252	5.0398	2.045	2.0952	3.0576	1.0323	1.0313	2.1076	3.0609	0.013	2.0466	5.097	2.0597	2.0504	1.0335	4.0897	2.0705	4.0926	4.0918	7.245
4.1164	0.0583	4.1077	3.0664	4.0622	1.018	0.0253	2.0602	4.0598	3.0394	1.0691	0.0449	3.0555	1.0295	2.0427	2.0935	2.0853	5.0206	1.0532	3.0514	1.0432	0.0111	0.0079	0.0307	0.0269	0.0166	0.0099	0.0134	1.0408	1.0218	3.0495	2.051	2.0755	1.0329	3.021	0.0556	3.0417	0.0201	0.021	2.0284	2.049	0.0219	1.0045	2.0338	1.0357	2.0372	1.0274	2.0726	3.0699	0.0287	0.0355	2.0471	3.0568	0.03	0.013	3.0425	1.0758	2.0333	3.0442	4.0807	0.0492	2.0538	4.1143	6.1528
2.0222	1.0452	3.0541	1.0532	2.0394	0.0245	1.0324	4.0421	1.0357	1.0587	1.0565	6.0928	1.0412	0.0634	4.0544	0.0693	2.0338	3.0209	4.0646	2.1028	2.0304	2.0184	0.0288	0.0431	0.04	0.036	1.0201	0.0607	2.0431	0.0233	5.0594	2.0764	1.0614	2.0441	1.0286	0.0399	2.0847	1.0552	0.028	3.0573	2.0404	2.0637	1.0335	1.025	2.0683	5.0536	4.0559	2.0634	2.0563	1.0248	1.085	2.0329	4.054	1.0191	0.0558	2.0596	1.0569	3.0633	3.0525	6.0727	1.0464	2.0483	0.0766	3.0623
0.0278	0.0251	4.0545	0.0183	2.0403	0.0079	0.0215	1.0266	3.0485	2.1114	5.1053	2.0479	0.0079	0.058	3.022	2.0493	3.0204	1.0261	3.0891	1.0276	0.0188	0.0036	0.0028	2.0325	0.0189	0.0256	0.0204	0.0091	1.0749	1.0127	2.0429	4.052	0.0547	2.0192	2.0601	3.0535	4.0608	2.0128	0.042	3.0905	2.0573	3.0398	4.0595	2.1	0.0346	1.0152	2.0841	1.0705	1.0225	0.0251	3.1071	1.0381	2.0312	0.0324	0.0159	2.0445	2.0626	4.0326	2.077	0.0518	4.0635	1.0254	2.083	5.1022
2.0573	3.0439	2.0769	2.0846	4.0943	1.0241	1.027	0.0402	2.1001	1.0197	4.0531	3.108	1.0541	3.0451	4.0651	3.1182	3.0783	1.0535	4.0588	2.0483	2.0241	0.015	0.007	2.0342	2.0421	0.0223	0.0211	0.0137	1.0322	1.0646	1.0222	4.0684	3.0742	1.0489	2.0773	6.0663	1.034	2.0203	0.023	3.065	2.0359	2.0169	0.0359	2.0637	2.0584	0.0351	1.1223	3.0609	1.0527	1.0394	2.0526	1.0821	2.0746	1.0396	1.0271	2.0621	6.088	3.0868	2.0387	1.0903	1.0816	3.0712	6.0944	5.085
1.0173	1.0146	2.0498	2.0702	0.0063	2.0217	0.0013	0.0445	1.0752	0.0146	4.0758	2.0496	3.0489	0.0442	3.0336	3.1067	1.0135	1.0092	1.0174	1.04	0.0172	0.0258	0.0132	3.0205	0.0031	0.0001	0.0093	0.0054	1.0301	2.0171	1.0148	1.0605	1.0407	0.0235	3.0587	2.0485	1.0306	0.0113	0.0019	0.032	3.0572	1.0454	9.2155	2.0602	1.0593	3.0228	1.0332	1.0444	2.0664	0.0265	1.0592	4.0738	3.0259	1.0214	0.0166	2.0406	2.0336	0.0163	2.0746	2.0443	2.0876	1.0228	2.1001	12.2968
1.0053	2.0194	1.046	0.0138	0.0477	3.0824	0.0281	2.0373	2.0143	3.0693	1.0428	2.0084	0.0174	1.0179	0.0575	2.0263	3.05	3.1023	4.05	2.075	6.107	7.1438	2.0727	3.1313	0.0308	3.0997	2.0769	0.0809	0.0295	2.0663	8.0984	1.066	0.0326	0.0338	2.0283	0.0051	4.0926	6.1148	3.1395	3.0789	0.0469	7.13	5.1434	0.0193	0.0134	3.0547	2.0394	1.0319	0.0082	0.0394	1.0186	0.0009	2.0371	2.1136	0.0516	3.0127	1.0224	3.1279	4.0784	4.0298	1.0068	1.0749	2.0562	1.0242
0.0072	0.04	5.0432	0.0177	0.0524	3.068	0.0145	1.0244	3.0269	3.0493	2.1187	4.0781	0.0046	1.0162	1.0634	1.0498	2.042	1.0492	5.1083	2.0404	6.0793	4.0668	0.0466	1.0301	0.0324	0.025	0.0351	0.0324	0.0155	0.0758	2.0555	5.0524	3.0391	3.0413	2.0915	1.0442	2.0191	0.0385	0.026	3.0711	2.0945	2.0523	6.1024	4.1135	0.0284	1.0579	5.0991	3.1021	0.0198	0.024	0.03	0.0317	2.0774	4.0426	0.0378	2.0736	4.0623	1.0445	6.1134	1.0685	0.0453	5.0767	4.0824	4.0692
4.1071	3.0666	2.1083	3.0863	6.0716	0.0326	1.0478	2.0461	5.1366	3.0248	1.0651	4.0707	1.055	1.0319	4.0908	0.0378	2.0676	4.0338	5.0391	1.0581	0.0455	0.0073	0.0173	0.0229	0.0397	0.0427	0.0208	1.0307	0.0463	2.0451	4.0344	1.0107	5.1284	1.0658	4.0843	2.0475	4.0354	0.0247	0.0429	3.0266	2.0635	0.0322	0.0153	0.0313	1.0563	1.0314	3.0645	2.0346	1.0858	0.0323	2.0656	0.012	3.0553	0.0241	0.026	2.0294	5.0877	4.0303	1.0412	2.054	1.037	1.0225	1.0236	0.0194
12.2252	4.0859	1.0877	4.1133	1.0954	1.0291	0.0152	5.0675	2.0565	2.0337	2.0429	1.0555	3.1345	1.0399	3.0676	2.0513	2.1155	2.0235	2.0223	1.0604	2.0743	2.002	0.0057	1.0376	0.0239	0.0016	0.0115	0.0058	3.1059	1.0045	1.0114	2.0281	1.0477	0.031	1.0343	2.0422	3.0297	1.0369	0.0112	1.0226	1.0308	1.0303	1.0057	1.0278	2.0544	0.0015	1.0254	1.0462	7.1635	1.0668	3.0444	2.0789	1.0219	1.0498	0.0108	0.0223	1.0438	2.03	1.0344	2.0384	5.0689	0.0491	1.0192	1.0327
2.1379	5.1291	1.0503	1.0247	9.1465	3.1448	0.0215	2.0762	2.0435	5.0609	3.0307	1.0595	2.0402	1.0352	0.0121	0.0212	5.1514	7.1292	2.0511	0.0434	3.1491	3.0605	0.02	5.0628	0.0215	0.02	0.0084	0.0024	4.0907	1.0348	1.0257	2.0444	0.0227	0.0276	4.0532	0.0085	1.0429	4.0364	0.0089	1.0489	1.0244	0.0231	0.0471	2.0367	2.0212	0.0279	2.0472	1.0291	2.0298	2.1007	4.0284	2.0346	1.0359	1.053	0.0019	0.0147	1.0222	1.0284	0.0452	2.0267	1.0298	1.0267	1.0261	1.0282
0.0181	2.026	0.0168	1.0286	2.0464	2.0356	0.0217	1.0492	0.0174	1.0157	1.0332	1.0424	1.0243	2.014	3.077	2.0672	1.0181	2.0479	2.0071	1.0266	1.0282	1.0427	0.0206	5.0829	0.0196	0.0362	0.0076	0.0175	0.0392	2.0761	5.0334	3.1144	1.0269	0.0152	2.0556	3.0513	1.007	3.0214	0.0253	1.0566	2.0455	1.0017	0.0521	4.0797	1.0631	0.0153	3.1143	4.0874	1.0148	1.0616	0.0406	2.0569	2.0298	1.0747	0.0247	3.074	4.0702	3.0601	6.0897	3.1405	2.0372	2.0971	5.1383	4.0788
1.0154	1.0295	2.0586	2.0301	0.0232	2.0417	0.0332	3.0734	2.0519	3.0607	3.1041	1.0394	1.021	1.0466	4.0743	0.0257	2.0067	1.0682	1.0405	1.0283	0.0366	2.0767	1.0404	4.1108	1.0169	0.0429	1.0523	0.0273	4.0454	8.1317	5.077	3.1207	3.0656	0.0321	4.106	2.067	2.0418	1.0732	0.0389	7.0722	3.111	4.0836	6.0801	1.0938	2.0626	1.0419	3.0971	0.0291	0.0462	3.0423	3.0618	1.0422	3.0547	2.0741	1.0397	6.1194	3.0839	3.0387	4.118	3.0576	0.0638	2.0713	1.0406	1.0447
3.1213	1.0519	2.0792	3.0775	1.0822	1.0541	0.0511	4.0347	5.0851	7.0783	2.0765	0.042	5.0689	1.0413	2.0716	0.0223	3.0801	2.0903	4.0539	3.0631	5.0649	4.0826	0.0342	1.1046	0.0424	0.0552	1.0234	0.0313	1.0628	4.0755	5.0439	2.0752	0.0487	2.0517	6.0594	1.0459	4.058	3.0842	1.0305	3.0734	2.0364	1.0539	0.036	2.0407	0.0452	1.0348	0.0417	3.0573	3.0797	1.0285	2.0901	1.0183	2.0822	2.0643	0.033	5.0442	2.0419	3.0623	2.0323	2.0738	1.0394	2.0699	2.0461	3.0934
0.0128	0.0154	3.0397	0.0351	1.0174	1.037	1.0537	2.0282	2.0294	2.0855	3.0664	6.1017	2.0143	1.0487	1.0569	0.0603	0.0261	3.0471	6.0662	1.0482	3.071	2.0887	1.0662	3.0591	0.0649	2.061	0.0559	2.0558	0.0365	4.1024	6.058	2.0748	2.0156	0.0392	2.1046	1.0357	3.0389	2.0918	1.0396	3.091	2.0521	2.0669	2.0426	1.0618	3.043	5.0897	4.0507	2.1082	1.0485	2.0336	2.0691	2.0609	3.0604	4.0674	1.0787	4.0938	2.0521	3.0456	2.0587	4.0636	2.1193	2.0584	0.0647	5.088
1.0096	0.013	2.0268	1.0493	0.0209	1.0055	0.0107	2.0302	1.0269	1.025	4.0807	6.1135	1.0407	0.0787	1.0336	4.109	1.0201	2.0275	3.0264	1.0608	3.0268	1.0323	1.0221	1.0361	0.0061	0.0024	0.0238	1.0743	0.0134	0.0353	2.0649	4.0779	0.0295	0.0099	4.0877	3.0739	0.0046	0.0092	0.0148	3.0248	5.0939	0.0215	5.2005	6.1211	2.0914	0.0771	6.1358	7.1558	2.0392	1.0284	3.1043	1.0896	4.086	4.0737	0.0591	1.1155	1.0663	2.0047	7.1184	2.151	4.1135	9.1458	2.0819	8.1496
0.014	0.0027	1.0505	0.0075	1.0182	1.016	0.0219	0.0243	3.0487	3.0306	4.125	4.0738	0.0104	0.0141	1.0696	1.0062	0.0143	0.0172	3.0461	2.0206	0.0235	3.0394	0.061	7.0908	0.0217	0.0359	0.0462	0.0493	2.0332	3.0868	6.1306	3.0982	1.0233	1.0436	8.12	0.0628	4.0295	1.0687	1.0434	3.0914	4.1015	3.0826	5.241	5.1249	0.0226	3.0909	10.1204	1.0983	0.0084	1.0169	1.0426	0.0095	0.0271	5.0907	0.0384	4.1424	3.0637	3.099	8.1527	5.0841	0.0112	3.1083	2.0829	2.0555
1.0554	4.0661	3.0459	0.0204	1.0725	2.0275	3.0906	2.0471	2.107	2.0548	4.0608	3.0693	0.0358	2.027	1.0254	0.0361	2.0224	1.0581	4.0764	0.0368	1.0151	0.0118	1.0601	1.0175	5.0679	0.014	2.0902	1.0638	1.0287	3.0386	2.0491	2.0521	5.0725	1.0745	3.1159	2.036	2.0437	0.0253	1.0369	1.0357	2.0608	1.0461	2.0383	3.0797	3.0394	3.0876	2.0577	2.0604	0.0377	2.0276	1.0498	1.031	2.0624	1.0283	3.0501	4.068	3.0794	1.0313	0.0396	3.0321	0.0423	2.0557	2.0505	1.0442
1.0485	0.0098	2.0708	1.0279	1.0069	1.0396	0.0164	1.0333	5.0949	2.0581	4.0567	1.0701	0.0194	0.0346	5.0682	2.0475	0.0168	1.0303	3.05	2.0289	2.0472	4.0342	0.0481	2.0421	0.041	0.0233	0.04	1.0658	1.029	0.0341	8.0838	1.0762	2.0857	1.0212	5.1134	3.0598	1.0466	2.0468	0.0619	4.0738	3.078	3.0555	1.0656	3.0754	3.0626	4.061	2.1381	3.0762	1.0049	1.0348	2.0686	1.0524	2.0242	1.051	0.0389	3.0619	3.0621	2.0926	6.1246	7.1152	1.0464	2.0474	3.1065	1.0752
0.0485	2.054	4.0416	1.0286	1.0212	2.0631	1.0673	4.057	4.0928	2.0693	4.0453	3.0735	0.0284	1.0613	0.0245	0.0212	2.0286	1.0357	5.0925	0.0214	1.0669	3.0801	2.0729	4.0466	0.0744	1.0561	1.0584	1.0558	1.0611	5.1003	6.0984	3.0344	4.0547	3.0852	2.0714	0.0684	4.0415	3.0476	0.0809	2.1072	1.0631	2.0681	1.0157	3.027	3.047	3.0651	2.0448	0.038	1.0422	2.0418	1.0569	0.0133	2.0485	2.0872	1.0467	5.083	4.0501	4.082	1.0433	1.031	0.0176	1.0376	2.0387	0.0388
3.0804	2.0463	1.0469	2.0421	2.0574	0.0301	0.026	2.0261	2.0572	2.0244	1.0396	1.0232	0.0357	2.0348	2.0486	2.0554	1.0122	1.0314	2.0474	3.0462	2.0111	0.0287	4.0479	1.0655	0.0176	1.0783	1.0573	4.0647	2.0442	1.085	4.0551	2.0823	2.0784	0.0413	2.0139	0.0279	3.0393	3.0422	0.0914	4.0614	1.0401	1.0738	1.0186	2.037	1.0405	3.069	4.0513	1.0557	2.0447	1.0207	2.0432	1.0466	0.0444	4.0557	2.0676	2.1136	1.0476	6.06	2.054	2.0911	2.0236	2.093	1.089	6.1151
1.0013	0.0309	3.0508	0.0107	2.0104	0.0571	0.0422	0.0173	1.0076	5.1183	3.0924	1.0124	0.0007	1.0345	1.0205	1.0103	2.0551	1.0364	4.0857	1.0375	2.0873	4.0684	4.101	2.0744	1.0672	5.1486	6.103	0.0843	2.0166	2.0662	3.0913	2.0274	1.0329	1.0621	2.0723	1.0083	4.0981	5.1321	6.1944	7.0729	2.0486	10.1413	2.1509	3.095	0.0232	1.059	3.0927	2.0927	0.0055	0.0067	1.0263	1.0096	0.0195	4.0735	2.0568	0.0366	1.0523	1.0887	6.084	2.0755	0.0077	2.0268	3.0959	2.037
3.0282	2.0448	2.0554	0.0336	1.0519	3.0719	1.0343	2.0623	1.0304	2.0824	3.0836	7.0601	0.0265	1.058	0.0319	0.0315	2.0237	3.0921	4.062	0.0286	5.0618	2.0877	0.0361	3.0837	0.0313	2.0449	0.0378	1.0324	0.0578	3.0605	3.0579	4.0712	2.0838	0.0268	4.0647	0.0489	1.0568	3.0348	2.0374	1.0495	4.1206	1.0291	5.1046	1.0739	2.0336	3.0518	2.0805	3.0466	0.0261	2.0565	3.0708	1.0359	3.0592	2.0871	0.0389	4.0523	1.0452	2.0288	3.1023	1.0452	4.049	2.0687	2.0452	1.0547
0.0379	2.0308	4.0568	0.0047	1.0236	2.0936	2.0757	3.0209	2.0833	3.0763	4.098	0.0177	0.0029	0.0221	1.0269	0.0008	1.0129	3.0562	3.0664	0.0231	2.051	8.2408	6.2054	4.0871	2.036	4.1993	5.1541	1.0361	0.0242	6.1266	3.0652	2.0207	5.0701	2.1014	2.1335	1.0248	3.0544	6.138	2.1011	4.1039	5.1538	6.1001	8.1313	1.0506	1.0131	1.0417	0.0384	0.0197	0.0094	1.0245	0.0198	0.0005	1.0296	4.1115	2.0431	1.0363	1.0499	2.0349	2.0463	0.0015	0.0105	1.0287	1.0021	0.0011
7.1565	3.0653	3.0591	5.1814	1.0608	2.0403	0.0359	3.0879	4.1277	3.0348	0.0105	2.0668	3.1128	2.1008	6.0818	3.0959	6.0451	0.0787	2.0701	0.0401	1.0346	0.0144	0.0228	3.0334	0.0565	0.0237	0.0142	0.0249	2.0818	3.0171	6.0612	2.0671	4.1724	2.0303	2.0385	6.0626	2.0555	0.0121	0.0341	3.0439	1.0368	1.0312	2.0223	0.0357	0.0667	3.0394	0.0827	3.0506	1.0883	1.0515	2.0725	3.1082	4.0831	2.0395	0.031	4.0711	9.0828	1.0559	2.077	4.112	2.0591	2.0672	5.1105	2.0986
5.0839	1.0702	3.08	1.0762	5.0626	0.0307	0.0448	2.0757	2.0642	5.0544	2.0582	4.1057	1.0493	2.0744	3.0628	3.0981	1.0445	1.0344	4.0605	6.0677	1.0282	1.0011	0.0137	0.0408	1.0419	0.0273	0.0298	0.0445	0.0648	2.02	5.0678	2.0872	3.0876	2.049	5.0843	1.0685	4.0429	0.0111	0.0501	3.0555	1.0736	1.0333	0.0444	2.0391	2.0607	2.0351	5.0714	2.0791	1.0802	3.0593	1.0538	1.0734	2.0734	1.041	1.0349	4.0678	6.0847	1.0439	2.0739	5.0723	3.092	2.0875	2.0847	6.1288
2.0203	1.0538	3.0583	2.0158	1.0173	0.0312	0.0323	0.0335	1.0189	4.0818	1.0258	0.0297	0.0136	1.0163	1.0554	2.0232	2.0678	0.0242	1.0193	0.005	1.0516	4.0555	1.008	3.0692	0.013	0.0181	0.0156	2.0359	2.0555	1.0374	2.0394	2.0463	2.0305	0.0071	1.0324	1.042	1.0409	4.0425	1.0298	3.0616	1.0243	1.0237	11.2967	1.0679	0.0418	0.0227	2.0729	3.0505	2.0314	0.0272	1.0358	0.0344	0.0182	1.0551	0.0122	1.0248	2.0593	4.0512	2.0742	2.0565	2.0294	0.0304	5.0614	1.0448
2.0336	1.0765	1.0607	1.0443	2.0818	6.075	1.0501	3.081	3.049	1.0648	3.0715	2.0419	3.0719	1.0361	2.0559	2.0614	0.0418	7.0981	2.0702	3.0321	3.0506	1.1359	2.0782	4.0542	1.0393	1.0668	2.1001	1.0114	2.0624	3.0511	3.0661	1.0534	1.065	0.0572	4.0462	3.0602	4.0455	3.0598	2.0642	1.0505	1.091	5.0771	3.0833	2.0637	2.0423	0.045	4.059	0.0282	2.0746	4.0516	2.0503	1.0883	3.0406	0.038	0.0253	1.0459	3.0492	3.0437	3.0662	1.0574	2.0881	0.0183	1.0365	4.0673
0.0	0.0002	0.0002	0.0	0.0031	4.0737	0.0356	0.0227	0.0008	2.029	2.0376	0.0052	0.0003	0.004	0.0004	0.0003	0.0004	3.0933	2.0146	0.0044	3.0524	11.5229	6.1459	7.1112	0.0483	4.2701	10.1132	1.0456	0.0144	10.1776	4.0428	0.057	0.0	1.0246	2.0678	0.0006	2.0301	6.0882	9.2129	1.1052	2.0424	9.0668	3.2826	1.0418	0.0001	1.0325	1.0553	2.038	0.0	0.0169	0.0003	0.0	0.0271	6.1279	0.0798	5.0409	1.003	3.0701	1.0399	2.0333	0.0025	0.0461	2.0467	0.0276
2.0219	0.0433	3.042	1.0618	1.0125	2.0623	0.0087	0.0231	3.053	0.0403	4.061	4.0777	1.0245	2.0596	0.0212	1.0335	2.0389	1.0203	3.0963	1.0146	2.069	4.087	0.0751	4.0783	0.0096	0.0111	1.0911	0.0516	1.0542	9.0696	4.0691	1.0899	1.052	1.0234	4.0432	1.0429	1.0435	0.0371	0.013	1.0587	1.0552	2.0652	5.0982	4.1054	1.0326	5.0951	4.0443	2.1175	1.0376	1.031	1.0503	1.027	3.0454	4.1233	1.0665	10.1237	2.0172	0.0355	2.0738	4.0534	1.0391	3.1507	0.0453	3.1025
1.0398	5.0136	2.0451	1.0482	1.0755	2.0345	0.0444	5.0852	0.0322	3.0474	2.0637	2.0361	1.0314	1.0292	1.0764	0.0278	4.0419	2.0796	1.0552	2.0512	4.0454	1.0953	1.0302	3.0799	0.0429	1.0214	0.0424	0.0095	1.0627	4.0895	4.0725	3.0388	4.0527	0.099	3.0521	0.0436	3.0569	2.0409	0.0141	1.044	4.0777	1.0604	3.0905	4.0733	0.0145	1.0269	4.109	2.0435	1.0471	1.0475	1.0269	0.0218	1.0604	3.0456	0.0233	3.0442	3.0943	1.0268	7.105	1.075	1.0386	1.0292	3.0419	0.0247
5.1624	4.1158	3.0962	1.0494	7.1518	1.0239	0.0384	2.0446	2.1074	2.0752	4.0604	3.0494	2.0633	1.0703	4.0349	1.0319	4.074	1.0501	4.1091	5.0542	2.0391	2.0198	0.0213	1.0336	0.0384	0.028	1.0363	0.0226	3.044	0.0294	2.073	2.056	2.0989	4.0459	2.064	1.0618	3.0714	0.0343	0.0391	4.0551	4.0749	1.0418	2.0351	0.0312	1.0464	3.0317	2.0537	1.0572	2.071	0.0356	3.0326	1.0359	2.0221	2.0358	1.0373	0.0693	3.05	4.0547	0.0513	4.0858	0.0248	1.0366	3.0837	2.0483
3.0618	2.045	3.1076	2.0181	0.0337	3.0885	1.0472	0.0333	5.1081	3.0404	6.1278	0.055	0.0042	2.0475	1.0284	1.0247	2.0284	0.083	3.0519	2.0401	3.0838	5.0943	2.0783	3.0383	0.0804	1.0589	2.0398	0.0206	2.0366	2.0617	4.0442	2.0853	5.119	1.0357	7.1527	0.0275	1.0415	2.0557	0.0379	4.0588	6.1087	2.0405	2.0977	2.0496	0.0357	2.0498	0.0322	1.0287	0.0347	1.0386	1.019	0.0146	3.045	3.0562	0.0369	3.0979	2.0444	1.0535	2.0232	1.0121	0.0325	3.0764	1.0307	6.1377
1.0242	2.0237	2.0569	1.0318	0.01	1.0504	0.0175	3.0532	2.0658	2.0439	4.0703	0.0102	1.0092	0.0416	0.0201	1.0333	1.0214	1.0453	1.039	0.0129	0.0296	4.1945	8.1219	8.0988	2.0857	2.142	5.1045	3.0607	2.0167	3.1761	4.1344	5.0587	3.0733	1.0593	3.0582	1.0568	3.0559	5.0805	3.1279	2.1073	4.0603	5.0822	1.0536	0.0639	0.0293	4.073	2.0343	1.0402	1.0176	0.0028	2.0361	0.0028	0.023	9.1065	1.1298	1.1194	0.0359	4.1055	1.0501	4.0385	0.0041	4.0868	3.0415	0.0421
1.0139	1.0114	2.0673	0.0002	0.0152	2.0611	1.019	0.0195	2.0444	2.0319	4.1165	1.0167	0.0011	0.0141	0.0037	0.0	2.0435	2.0689	2.0386	0.0068	3.0649	7.1624	1.0607	3.0908	0.0426	1.0525	2.0273	1.0179	0.0147	3.0972	1.0123	1.0137	1.0215	0.0214	5.1119	0.0117	1.049	2.0713	1.0408	2.0048	4.0761	2.0386	4.1256	0.0165	0.014	2.0244	0.0133	0.0001	0.0141	0.0131	0.0034	0.0001	2.0288	3.0773	1.0198	0.0225	0.0048	1.0099	0.0142	0.0004	0.001	1.0128	0.0	0.0024
4.031	1.053	2.0518	2.0679	1.0458	1.0332	0.0065	1.0361	1.0156	1.0492	3.0785	2.0412	1.0424	2.0461	1.0551	3.0637	2.0574	1.043	4.0521	3.0586	4.0435	3.0268	0.0161	2.0898	0.0138	0.0297	0.0389	0.014	1.034	0.051	2.0406	2.037	2.0457	0.0096	1.0493	2.0672	2.0314	2.0682	0.0434	2.0216	3.0874	4.0372	3.0732	1.0488	0.029	0.0325	3.0468	1.0392	1.0734	1.0197	0.0313	1.0291	3.1019	3.048	0.0304	0.0267	1.0522	1.0485	5.0526	1.0317	1.0479	4.0786	1.024	4.0573
1.022	0.0408	4.0365	0.0156	0.0584	0.0801	1.0557	3.0179	1.0972	9.1237	4.0721	1.0295	0.0119	1.0287	1.035	0.0056	4.0591	3.0717	6.135	0.0328	5.1168	4.0682	2.0746	3.0606	0.0585	1.1092	3.0845	1.028	0.0125	2.0563	4.062	2.0655	0.0305	1.0669	3.1317	1.0219	8.0874	7.1207	2.1561	2.079	4.0551	7.1185	2.1429	0.0463	2.0099	0.0386	4.0626	0.0233	0.0033	0.0172	1.0066	1.0108	0.0358	3.0588	1.0151	0.0388	0.0401	2.0852	4.068	4.0306	0.0035	1.0256	1.0651	1.0278
1.0445	1.0378	3.0403	1.0551	2.0128	1.0262	0.007	1.0575	1.0615	1.0386	1.0133	1.0462	3.0492	0.0373	5.033	1.0742	0.0389	1.0098	1.0184	2.0339	1.0307	1.0028	0.0086	1.0253	0.003	0.0164	0.0128	0.0035	2.0412	0.0306	1.0417	3.043	3.0411	1.0393	0.0304	0.0548	0.0404	1.0224	0.0056	3.0152	2.0307	1.0145	1.0022	0.0073	3.0326	0.0013	0.0187	0.037	2.0531	1.0201	0.0774	6.0499	1.0182	0.017	0.0151	1.0435	1.0702	2.0256	2.0361	2.0174	1.078	2.0255	1.054	2.0708
0.0149	0.0099	2.034	1.0528	1.0208	0.0195	0.0039	1.0305	1.0531	1.0333	2.032	1.0414	3.0276	2.0367	3.043	0.0522	0.0276	2.026	2.0403	2.0307	2.0416	0.0203	0.0148	1.0219	0.0049	0.0208	0.0114	0.0017	1.0416	2.0282	0.0214	2.0405	2.0356	0.0129	0.0364	1.0387	1.0255	1.0251	0.0004	1.0166	2.0199	1.0089	0.0211	1.0452	1.0181	0.0065	3.033	1.0768	1.0335	0.0257	1.0448	4.0372	2.0134	1.0211	0.0105	2.0627	0.0456	1.0037	3.0413	3.0468	1.0539	1.0362	1.0729	3.0788
0.0555	2.0248	2.0141	0.0246	3.0571	0.0329	0.0114	1.0163	1.0144	1.0462	0.0202	3.0238	0.0174	1.0398	1.0289	2.0486	3.0359	1.0684	2.0584	2.0388	4.0487	3.042	1.0503	0.0396	0.0054	0.0419	1.0305	1.06	1.0083	1.0202	3.0395	0.0578	1.0184	1.0101	0.0268	1.0373	0.0573	3.0608	0.0408	1.0379	1.0275	1.067	1.0263	3.0265	1.0239	5.0575	3.0887	3.0958	0.0095	0.0147	1.0054	1.0349	2.0502	2.0449	1.0339	3.0324	1.0453	2.0346	3.0551	5.1325	0.031	1.0565	4.109	4.1083
0.0168	1.02	1.0073	1.0295	1.0263	0.0071	1.0166	2.0295	0.0134	0.0109	2.0404	2.0579	1.0331	1.0224	1.0359	0.0264	1.0075	0.0152	0.0029	0.0293	0.0038	2.0546	2.0436	2.0527	0.0204	2.0685	2.0078	0.0417	2.0231	2.0538	4.0388	2.0867	1.0132	0.0067	1.0563	0.0229	0.0013	3.0691	1.0371	2.0666	0.0408	3.0489	3.0779	5.0851	4.0456	1.0285	2.0853	2.095	1.0361	2.0247	2.041	2.036	0.0234	1.0407	0.041	4.0531	2.0245	2.0589	4.125	2.0695	0.036	1.0539	3.1182	4.0603
0.0396	2.0311	1.0046	0.0316	1.0305	1.0188	0.0086	2.0357	1.0334	0.0114	4.0522	2.0703	2.0451	0.0169	1.0256	0.0222	1.0177	0.0345	3.0315	0.0231	0.0271	3.064	1.0237	4.0562	1.0358	0.0132	0.0327	0.0125	2.0274	1.0757	2.0191	1.0215	1.0211	0.0024	1.0842	2.0197	2.012	2.0285	0.0242	0.0281	0.0511	1.0208	2.0606	4.0796	2.0446	0.0201	4.1049	3.0725	1.0286	2.0256	2.042	1.0353	1.0305	2.0614	0.0377	0.0283	3.0071	2.0358	1.06	3.0793	0.0262	2.0455	2.0444	1.0297
3.0553	1.0381	2.0787	1.0464	1.0193	1.0335	0.0408	1.0366	3.0594	3.0597	1.0304	2.0453	2.0639	1.0214	2.0311	0.0137	0.0565	1.0131	1.0327	1.0049	1.0394	1.0163	3.0214	0.0582	1.04	0.0163	0.0052	2.0463	2.0331	4.0263	1.0284	1.0822	2.0557	1.0255	3.0461	1.0419	0.0403	3.0462	0.039	2.0257	1.01	1.0448	0.0256	1.0255	2.0592	1.0277	1.0277	2.0491	2.0511	0.0533	3.0328	2.0371	2.0238	0.0433	0.0065	5.0535	2.0367	1.0286	1.0231	1.0466	1.0307	1.0654	1.0478	2.0612
2.0622	1.0567	1.0167	4.1017	3.0299	2.058	0.0197	1.0522	1.0372	0.0041	2.036	1.0327	4.0417	2.0612	1.0438	3.133	1.0581	2.0058	0.0132	1.0314	0.0336	1.0267	2.0282	2.0509	1.0349	1.0186	0.006	1.0592	1.0421	2.0454	4.0384	1.0554	3.0544	2.0261	0.0266	1.1099	0.0285	0.0231	0.0056	1.0287	2.0607	0.0118	2.0259	1.0267	5.0486	3.0417	2.0536	1.0697	2.0627	1.0561	3.0532	4.0355	2.032	2.0324	1.065	4.0511	1.0737	0.0384	1.0569	8.0948	0.0867	2.0437	3.1278	3.1015
0.0307	1.0311	0.0222	2.0571	2.0265	3.0486	0.036	0.0218	2.0226	0.0137	1.0245	1.0166	5.0289	0.0579	0.0269	3.0626	0.0505	2.0125	1.0235	1.0353	1.0536	2.0131	1.0163	1.0263	2.0322	0.0013	0.0058	0.0308	1.0172	0.0025	1.0273	0.0174	3.0253	0.0444	0.0115	2.066	0.0117	0.0104	0.0028	0.001	1.0537	0.0044	2.0283	1.0188	2.0273	1.0279	2.0252	0.034	0.0451	2.0447	3.0202	3.0185	1.03	0.0371	1.015	1.0153	0.0392	0.0064	1.0466	3.0486	0.0542	2.0086	1.0613	1.0312
1.0227	1.029	3.0242	0.0199	0.0124	2.0295	0.0285	1.0655	1.034	4.043	0.0255	4.0671	0.0148	0.0144	1.0367	0.0387	1.0183	0.0225	4.05	0.0382	2.0383	4.0557	1.0702	4.0667	0.0357	1.0665	0.0354	0.0499	1.0473	1.0652	7.0712	2.0485	2.0242	1.0414	1.0471	0.0138	2.0576	4.0782	0.0594	4.0467	0.025	3.0277	0.0143	0.0161	1.0258	1.0398	1.0724	3.0286	1.0305	0.0198	1.0469	1.0292	1.0207	1.0579	0.0296	2.0476	3.0318	3.1279	3.0191	2.0335	1.0384	2.0399	2.0376	1.0521
1.0362	0.0205	0.048	4.0569	0.0326	2.0289	0.0257	1.0224	3.0664	1.0154	1.0315	1.0233	2.0489	2.0339	2.0735	3.0819	1.0229	1.0228	1.0205	1.0351	1.0112	2.0275	0.0028	1.0523	0.0318	0.0033	1.0032	0.0268	1.0505	0.0141	2.0224	2.0461	2.0294	1.0181	2.0272	3.0819	1.0177	0.0132	0.0038	0.0106	2.0377	0.0048	2.037	2.0442	0.0471	1.0257	1.0308	2.0599	1.0731	0.0205	3.041	1.064	2.0397	0.0026	1.0328	3.0462	4.0485	0.0217	2.0737	1.0692	2.0525	3.0475	2.0879	5.1199
1.0032	0.026	0.0276	1.0269	2.0352	2.0158	0.0451	0.0271	1.0245	1.0308	2.0453	1.0286	0.0171	2.0329	2.0282	2.0627	0.0211	2.0211	2.029	1.0414	1.0239	0.0181	1.0169	1.0341	1.0273	0.0121	1.0249	0.0587	1.0319	2.0214	3.0344	1.0615	1.019	1.0256	1.0266	2.0341	1.0124	0.023	0.0202	1.028	1.0354	1.0054	3.0563	2.0469	1.0378	2.0266	1.052	3.0944	0.0405	1.0381	2.0464	1.0231	1.0409	1.0351	1.0407	5.0556	3.0461	0.0353	1.0405	4.0767	2.0611	2.0777	2.0841	5.1292
1.0046	0.0245	1.0124	1.0438	1.0389	1.0043	0.0121	0.0469	1.0257	2.0118	1.0295	1.037	0.0197	3.0128	1.0394	2.0816	0.0133	2.0218	1.0273	3.052	2.014	0.0109	0.0023	0.0318	0.0087	0.0032	0.0227	0.0198	1.0241	0.03	2.0573	3.0544	2.0263	0.0219	1.0316	1.0306	1.0073	0.0133	0.012	2.0237	2.0098	1.0118	0.035	2.0388	1.0146	0.0197	2.0331	2.1082	0.042	0.0339	3.0474	1.0272	2.0541	1.027	0.027	3.0381	1.0813	0.0296	4.0266	2.08	2.093	3.0769	2.0877	8.1246
0.0327	5.025	1.048	0.0681	2.0322	1.0286	0.0553	3.0913	3.0586	3.0522	2.0372	0.0337	2.0099	1.0423	2.068	1.0351	2.0448	0.0563	2.0304	3.0367	2.0199	0.0179	0.0381	3.0343	0.0598	0.0419	1.0255	0.0409	1.0506	2.0544	8.0681	1.0783	3.073	1.0802	4.0813	1.033	3.0887	2.0238	0.0407	5.0435	3.0663	2.0191	0.0509	0.0087	1.0283	1.0192	0.0546	1.0175	1.0233	0.0496	1.0258	2.0209	0.0285	2.0394	1.035	2.0911	3.0832	5.0827	2.0317	3.0447	0.0308	1.0638	2.04	1.0403
0.0082	0.0197	0.0186	2.0078	1.0101	1.0062	1.0249	0.023	0.0036	0.0106	0.0202	2.0403	1.0213	1.0291	2.0599	2.0493	2.0189	2.0225	1.0385	4.0653	1.0173	0.0094	0.0243	1.0041	0.0036	0.0095	1.0207	0.0338	0.008	0.0173	3.0527	0.0427	0.0222	0.0047	0.0142	0.0563	6.0396	0.0048	0.0061	0.0495	0.0215	1.0331	0.0184	1.0133	1.0134	0.0625	4.0523	3.0378	0.005	1.0209	1.0106	0.0304	1.0793	1.0358	0.0247	1.029	0.0687	5.0467	2.0368	5.0748	0.0246	2.0605	3.0484	1.0484
3.0818	1.0606	1.0554	2.0126	2.0912	2.0421	0.0186	3.0192	1.0445	2.055	2.0158	5.0575	1.0666	1.0316	0.0431	1.0281	1.0563	3.0427	3.0472	0.053	3.0385	0.0182	0.0143	0.0116	0.0128	0.0133	0.0163	0.0225	4.033	0.0081	1.0224	0.0114	0.0259	1.0146	0.0302	1.0275	1.0425	1.0025	0.0269	2.0234	0.0253	1.0016	0.0054	1.0186	3.0816	1.0185	1.0309	2.0342	3.0483	2.0627	5.0296	0.0765	1.0268	0.0198	0.0049	1.0311	1.0188	1.0255	0.0133	1.0575	2.0352	0.021	1.0185	0.0163
2.0699	2.0483	1.0239	2.0241	2.0747	0.0281	0.017	3.0225	0.0158	1.0489	2.032	2.0177	0.0607	2.0346	0.0514	2.0182	3.0467	3.0396	1.0271	1.0576	2.0177	0.0256	0.0147	0.0326	0.0192	0.0181	2.0131	0.0548	1.0378	2.0405	3.0203	0.012	0.0239	1.0139	0.034	1.0274	2.0501	1.0222	1.0479	3.0192	0.0265	2.0359	0.0322	2.0417	3.0236	0.0397	4.0707	1.0647	2.0262	0.0529	3.0301	0.0559	2.0401	1.0262	1.0255	0.0352	2.0422	4.0378	0.0483	3.0708	1.043	0.0081	2.0449	1.0311
0.0339	0.032	4.0283	2.0523	1.0394	0.0063	0.0202	1.046	1.0947	5.0233	1.0402	5.0635	1.0628	1.0497	0.062	3.0427	2.0297	1.0255	3.0534	1.0504	1.0297	1.0071	0.0142	1.0249	0.0135	0.0405	0.0173	0.0327	2.0458	0.0252	4.0527	2.0414	2.0516	0.0191	2.0635	0.0637	4.047	1.0284	0.0445	4.0339	1.0431	1.0185	0.0198	1.0605	3.0547	1.02	4.0806	2.0817	2.0314	1.0344	3.0741	2.054	1.0201	0.0205	0.0181	2.0602	2.0467	3.0706	2.0645	5.0915	2.0306	1.024	4.0928	1.0979
0.0146	1.0207	0.0079	0.0163	4.0405	1.0247	0.033	1.0305	0.0177	3.0234	0.04	2.0397	0.0177	0.0205	3.0735	2.0236	0.0417	4.0468	2.0229	1.0296	1.0476	0.0309	0.0115	1.0273	1.0079	0.0508	1.0181	0.0344	2.0215	2.032	3.0507	1.0464	0.0096	1.0394	2.0397	1.0467	3.0458	0.0449	2.0417	4.0391	0.0537	3.0255	0.037	1.0675	2.0595	0.0154	5.0852	2.0799	1.0076	0.0357	1.0504	3.0427	0.0266	1.0209	0.0123	1.0383	3.0561	3.0718	3.0873	6.0942	1.0378	0.0303	4.086	0.0607
0.0309	2.0188	2.0272	0.0352	1.0427	1.0461	0.0211	3.0569	2.0672	3.0647	3.0407	3.0554	0.0274	1.0418	2.0525	1.0333	1.037	2.055	5.0564	2.0477	1.054	2.0284	0.0112	1.0557	0.0213	0.0527	0.0315	0.0367	3.0278	2.0678	5.0547	1.0601	3.0094	0.0433	0.0856	1.0496	6.0512	0.029	0.0751	6.0511	1.0295	3.0288	1.0565	1.0842	0.0552	1.0294	5.1201	2.0433	0.0313	1.0534	3.0387	1.0239	2.0493	1.0468	0.0359	1.0477	1.063	7.0723	2.0584	4.0699	2.0367	0.0523	2.0477	1.0314
0.0005	0.0143	0.012	0.0034	1.0208	1.0476	0.0248	2.037	1.02	4.0616	2.0187	1.0272	0.0027	0.0169	0.0165	0.0131	0.0157	2.0653	5.0275	0.0262	3.0224	1.0447	0.0421	2.0534	0.0087	0.0712	1.0571	1.0326	1.0027	1.0849	4.0548	2.032	0.0016	1.0174	0.0463	0.013	2.0852	3.0358	1.0578	3.035	0.0291	4.0353	2.0285	2.0725	1.0475	1.0237	1.0919	3.0258	0.0008	1.0257	2.0299	0.0044	1.0063	1.0354	1.0468	1.0491	0.0088	2.065	3.0725	2.0555	1.0079	2.0162	2.0464	0.0489
0.0024	0.0108	0.0209	1.0023	2.0056	0.0088	0.0161	1.0136	0.0023	0.0138	1.0158	1.0445	0.003	0.0177	2.0522	2.0507	1.0134	2.0113	1.0216	0.0335	0.0221	1.0098	1.0452	1.0275	0.0138	1.0313	1.0251	0.0466	1.01	1.0206	3.0435	2.0742	0.0085	0.009	1.0079	1.0676	2.0101	1.0324	0.0276	1.0364	1.0289	1.0117	1.0135	2.061	2.015	2.0239	1.093	4.1134	0.012	1.013	0.0262	2.0204	0.0419	1.0524	1.0279	3.0436	1.048	2.0498	3.0731	6.0943	0.0431	2.1004	6.1087	4.0997
2.0312	0.0311	1.0391	2.0339	1.0566	1.0076	0.0222	1.0311	0.0325	3.0265	0.0471	2.0119	1.0377	2.0184	2.0472	2.0881	2.0309	2.0216	1.0293	3.107	3.0303	0.0261	2.0216	0.0621	1.0143	1.048	1.0291	0.0601	1.0124	2.0603	4.0764	2.0604	1.0634	0.0416	1.0177	1.0286	3.0585	2.0433	1.0674	5.059	1.0623	3.0609	2.0265	0.0409	2.0169	1.0416	4.0569	0.0683	0.0095	1.0229	2.0283	1.0208	1.0197	1.055	0.037	3.0588	1.0419	5.1065	3.089	5.0709	0.0142	0.0622	4.14	5.0927
1.0429	0.0196	2.0562	4.0429	2.0193	1.0192	1.0293	0.0272	1.0293	1.0757	2.0491	0.0173	1.0438	0.0314	3.047	2.0399	2.0414	2.0217	1.0396	1.0326	2.0223	0.0326	1.0404	2.0621	0.0276	1.0185	2.035	1.0383	0.0215	4.0397	1.0381	1.0504	2.0085	1.0342	0.0179	1.0501	1.0413	2.0488	2.0381	1.0481	1.0314	3.0505	2.0496	1.0357	0.0262	1.0333	2.0276	1.0299	2.0688	1.0149	0.0346	0.0361	1.0523	2.0556	0.0232	3.0231	2.0222	1.0273	1.0289	2.0299	2.0629	1.0498	1.0074	1.0246
0.0001	1.022	0.0128	0.0039	1.0015	2.0404	1.0207	0.0482	1.0197	1.0315	4.0281	0.0592	0.0017	0.0055	0.0079	0.0053	0.0105	1.002	2.0414	0.0039	1.0157	2.0032	0.0487	4.0523	0.0177	0.0134	0.0629	1.021	0.0289	0.0131	4.0821	2.0444	0.0119	2.0465	4.0473	0.0092	0.0188	1.0486	0.0222	0.0321	2.0554	0.0695	3.0525	4.0552	0.034	3.0701	2.0227	1.0201	1.0162	0.0404	0.0373	0.0035	1.0219	2.0286	0.0163	1.0286	3.0222	0.0076	3.0959	1.0109	1.0329	1.0064	1.031	1.0218
4.0449	2.0604	2.0481	3.0638	0.0796	2.0478	1.026	0.0439	1.0301	5.0561	0.037	0.0478	0.0321	2.0281	3.084	2.0287	3.0655	1.0486	2.027	1.0376	3.0517	2.0492	1.0273	1.051	0.0359	3.0513	0.018	0.0345	0.0291	0.037	5.0315	2.0621	3.0401	0.0512	0.0589	3.0469	2.04	2.041	1.0641	6.0331	3.032	0.0369	0.0143	2.0309	2.0336	1.0381	0.0972	1.0427	1.0482	0.0361	1.0223	0.0245	3.0236	1.0469	0.027	0.0316	2.0959	3.0456	5.044	2.0983	0.0363	1.026	4.0712	2.0251
0.0185	1.0076	2.0249	0.0219	0.0212	0.0195	1.0215	3.0396	1.0229	2.0111	2.0537	1.0393	1.0232	1.0117	0.0271	0.0293	0.0124	1.0258	2.0254	0.0235	2.0083	0.0115	0.0172	2.0455	0.0292	0.0246	1.0059	0.0087	1.047	1.0197	1.0121	4.1046	1.032	2.0332	1.0444	1.016	0.0182	1.0041	0.0206	1.0249	2.0425	0.0132	1.0278	1.0286	1.0319	0.0058	2.0431	1.0284	2.01	0.0352	1.0557	1.0301	1.0394	2.035	0.0091	1.0411	2.0324	0.0189	1.0396	2.034	1.0324	2.0861	2.0495	4.0579
0.0111	0.0164	0.0207	2.014	0.0096	0.0097	1.0301	2.0276	0.0292	1.0135	0.0262	1.0153	2.0322	2.0245	2.0722	1.0364	0.0137	0.0228	1.0039	2.0315	1.0068	0.0057	1.0148	1.034	0.0145	0.0416	1.0419	1.0192	1.0446	1.0304	4.0511	1.0332	0.0253	1.0156	0.0404	3.0347	2.0354	3.0159	0.0502	0.0525	1.0342	3.0405	1.0185	1.0238	1.0347	1.0198	2.0338	0.0289	2.012	2.0244	1.0214	0.0851	0.0202	0.0217	0.0214	4.0432	3.0384	1.0588	4.0383	1.0568	1.0316	0.0319	1.035	0.0212
0.0115	0.0282	0.0166	2.0248	1.028	1.0172	1.0344	1.0358	2.0117	0.0415	0.0282	0.0326	1.0171	3.0517	5.0518	0.042	0.0237	1.0419	1.0351	3.0214	3.009	0.0268	1.0359	1.0255	0.0286	0.0508	1.025	1.0409	1.0425	0.0634	6.042	1.0353	0.0223	1.0164	0.0403	4.0462	1.0209	1.0139	0.0302	1.0497	2.0197	1.0067	0.01	2.0346	1.0576	4.0274	0.0584	1.0515	2.0237	2.031	1.0241	0.0701	0.0644	2.03	0.0453	5.0481	1.0651	3.0379	4.0192	3.0865	2.0318	0.0444	0.053	0.0276
0.0011	1.0266	0.0186	0.003	3.0174	3.0729	0.0862	3.0222	0.0226	3.0655	2.0263	1.0099	0.0003	1.0196	0.0327	0.0127	0.0224	5.1017	6.0511	0.0448	4.0832	4.1229	3.0991	2.078	1.0666	2.1192	3.1207	2.0514	0.0214	3.0684	6.0666	0.0329	1.0258	3.0872	0.0386	1.0086	3.0954	2.1262	5.0699	3.0537	2.0592	4.1004	3.051	0.0548	0.0172	2.0706	3.0441	1.0192	0.0035	0.0132	0.016	0.009	1.0246	4.0617	0.0702	1.0354	2.0139	4.0622	1.061	3.0349	0.0028	0.0333	1.0287	0.0072
2.0027	2.0532	0.0219	1.0168	0.0101	1.0454	2.0204	0.0376	1.0049	1.0363	1.0408	2.0283	0.0009	0.0448	0.0244	2.0313	3.0698	0.0321	0.0494	0.0324	2.1012	5.1619	8.139	2.0315	4.0583	4.1682	3.1364	3.0305	0.0192	5.0671	3.0599	0.0232	0.0178	1.0243	5.0323	1.0399	1.0246	5.1499	2.1185	2.0557	1.0135	4.0906	4.0835	0.0535	0.0043	5.0757	0.0359	1.0339	0.0044	0.004	0.0082	0.0122	0.0478	5.0614	2.0923	4.0377	1.0377	1.0523	2.03	1.0341	0.0043	1.0501	2.034	0.0234
1.0119	2.0334	0.0236	2.0361	1.0314	1.0346	2.0515	2.0363	1.027	1.0277	1.031	1.0246	0.0053	1.0468	0.0602	3.0522	3.0472	1.0584	1.0429	1.0451	3.0558	0.0375	2.0374	0.0186	2.047	2.0446	2.0822	0.0231	0.0223	2.0467	4.0517	2.0249	1.037	1.0362	3.0091	1.059	1.0722	2.0489	1.0347	3.0524	1.0241	3.0675	3.0535	1.0581	1.0119	2.0453	2.0731	1.0473	0.0079	1.0108	0.0338	0.0128	1.0322	2.026	1.0863	3.0267	2.0432	1.0684	3.0712	4.0717	0.0248	2.0296	4.07	0.0573
1.0133	1.0336	0.008	0.0001	1.0222	2.0296	1.0456	0.0207	0.0109	2.0305	1.0143	0.0072	0.0007	0.0001	0.0028	0.0014	1.0338	1.0314	0.0169	0.0004	0.0353	4.0803	2.0972	2.0297	2.0562	3.0682	2.0581	3.0307	0.0144	2.0243	1.045	0.024	0.0075	2.0525	3.0256	0.0043	1.0191	1.0637	3.031	1.0396	1.0209	2.0431	0.0214	0.0322	0.0091	0.0453	1.025	3.0321	0.0004	0.0039	0.0194	0.0003	0.0059	0.0225	4.0349	0.0178	2.0029	0.0355	0.0377	1.0416	0.0001	2.0117	1.0458	2.0551
5.0876	0.0293	3.0936	2.0594	2.0365	0.0061	0.016	1.0145	0.0654	2.0309	3.0462	2.0567	3.0513	0.0222	2.0422	0.0274	2.069	1.0194	2.0311	2.0213	1.0339	1.0132	0.0056	2.0431	0.0068	0.0275	0.0172	0.0099	0.0396	1.0239	2.0362	1.0221	1.0503	0.0152	1.0542	1.0296	3.0375	2.0303	0.029	1.0276	3.0225	1.0405	0.0344	2.0435	2.0311	0.0279	3.0753	2.0411	2.0689	2.0091	1.0296	0.0329	1.0337	0.0116	0.0101	0.023	1.0778	3.0255	3.0546	3.0653	0.0185	0.0045	3.0686	1.0282
2.0331	0.0115	3.0169	2.0981	0.0223	1.012	1.0252	1.0319	1.054	3.0111	1.0339	2.0751	1.0662	0.0394	1.0592	4.0565	1.0191	1.0188	3.0263	0.0184	1.0146	0.0223	0.0237	2.0172	0.0443	0.0305	1.0136	2.0519	0.0697	1.0312	4.018	1.0301	2.0568	1.0148	0.0423	1.047	3.0356	1.0181	2.0542	2.055	0.019	2.0345	0.035	2.0396	3.0597	1.0331	2.0686	2.0442	3.0619	1.0453	1.0767	2.0428	1.0328	1.0253	0.0371	1.0449	3.0525	3.0903	2.0465	2.0357	3.0312	1.0347	3.0683	0.0303
4.1002	1.0403	0.0168	4.1164	2.0582	1.0296	1.0162	1.0189	0.0365	2.0145	1.0452	2.0222	5.1104	0.0195	1.0639	4.0772	1.0289	3.0342	2.0402	1.0429	2.0229	0.0213	0.0098	0.0333	0.0265	0.0225	0.0165	2.0128	1.0382	1.0179	1.0399	2.0416	1.0594	1.0139	0.0282	1.0249	2.0165	0.0167	1.0375	3.0369	1.0478	1.0166	1.0151	0.0428	2.0531	0.0357	4.0311	1.0396	3.0971	0.0334	3.03	4.0865	0.0371	1.0188	0.0113	1.0361	2.0252	3.053	1.0471	3.0861	3.0569	1.0291	3.0729	1.0943
0.0185	0.0285	1.017	1.047	3.0565	0.0101	0.0152	1.0297	1.0315	2.0238	0.0173	1.0207	1.0543	2.0428	2.0245	2.0406	1.0421	1.0368	2.0394	4.0353	0.0204	0.0024	0.002	0.0155	1.0171	0.0215	0.0036	0.0245	2.0299	1.0329	2.0234	0.0329	1.0118	0.0227	0.0272	1.0206	2.0318	0.0227	1.0184	2.0093	0.0138	0.0108	0.001	1.0122	1.0247	1.0217	0.0265	1.0332	0.0385	3.0233	2.0208	1.0592	3.0476	0.0053	0.0231	1.0537	0.019	3.0261	1.0157	1.0454	2.0434	0.0333	1.0323	2.0423
1.0325	0.0037	1.0429	2.0384	1.0158	0.0038	0.0212	2.0272	1.0389	1.0346	2.0618	4.064	1.0542	1.0258	3.072	1.0532	1.0359	1.0229	4.0257	2.0491	0.0044	0.0005	0.0027	0.0161	0.0257	0.0126	0.0158	0.026	1.0391	0.0337	2.0277	2.0229	1.0152	1.0191	1.0679	1.0554	5.0442	0.0157	0.0321	2.0453	0.0493	1.0521	1.0302	1.0285	2.0655	2.0339	6.0541	0.036	1.0333	2.0339	2.0617	1.0625	2.0663	0.0047	0.0241	1.0358	3.0512	5.0387	0.0517	4.0597	2.0323	0.0296	1.0501	0.0261
2.0186	1.0267	2.0597	0.0443	1.0541	0.0421	1.0324	5.0554	1.0572	5.0426	1.0401	4.0828	1.0593	1.0382	1.0668	1.0377	0.0292	2.0432	4.0415	2.0546	3.0156	0.0166	0.0212	0.0447	1.0122	0.0438	0.0196	0.0301	2.0814	1.0653	4.0117	3.046	1.0199	1.0655	1.0673	1.0385	4.0553	2.026	0.0291	3.0594	0.0407	0.0363	0.0156	1.0447	5.0509	0.0414	7.0723	0.0676	2.0817	3.049	5.0659	1.0646	0.0589	1.0175	0.0382	2.045	2.0802	4.0473	0.0483	6.0557	3.0701	1.0168	0.0681	0.031
0.0407	0.0123	5.0426	0.0508	0.0236	0.0075	0.0119	2.0239	3.0566	1.0311	1.0507	5.0868	2.0534	2.0192	1.06	0.0426	0.0453	0.0281	1.0351	3.0183	0.0203	1.0157	0.0039	2.0448	0.0118	0.0247	0.0187	1.0097	5.0465	1.0749	2.0491	2.0589	2.0276	1.0074	0.0607	1.0556	4.0282	1.0368	1.013	2.0792	0.0332	1.0411	0.0127	1.0267	1.0565	1.0713	5.0276	2.0406	3.0329	1.0202	4.0878	1.0526	0.0547	1.0246	0.0323	4.0805	1.0497	6.0599	1.0275	2.0822	1.0374	2.0305	1.071	3.1131
3.0779	1.0392	2.0378	2.0523	1.0298	0.0163	0.0149	2.0271	2.0516	1.0214	0.0218	3.0542	1.03	1.024	3.0545	0.0654	3.0632	1.0268	1.0268	1.0299	0.0068	1.0202	0.013	2.0424	0.0127	0.0226	0.0018	0.0159	2.0255	1.0322	3.0254	0.0396	2.0403	0.0138	0.0528	1.0378	5.0303	2.0432	0.0157	0.0447	0.0078	1.0335	0.0262	1.0129	1.0254	0.0214	2.0879	4.0377	0.0259	1.0068	3.028	1.0538	0.0682	0.0064	0.0104	2.0129	1.0611	5.0548	2.0276	3.0899	1.0336	0.032	3.0772	2.0575
3.0379	1.0435	0.006	2.0563	0.019	0.0215	0.0367	3.0293	0.008	1.0105	1.0152	1.0547	2.0318	2.0602	2.0486	1.0547	2.0432	1.0327	2.0351	2.0417	2.0038	0.006	0.0164	0.0248	0.0132	0.0275	0.0265	0.0464	1.0171	0.0284	6.0432	0.0435	0.0338	1.0051	0.0171	0.0322	4.0304	0.0048	0.0308	2.0356	0.008	0.0181	0.0468	5.0433	1.0406	1.0241	4.0795	3.0976	1.0288	0.0137	1.0288	3.0617	0.0879	2.007	0.0269	2.0354	1.0589	5.0456	4.0472	3.113	1.0435	1.0445	2.1069	3.0602
0.0109	1.0274	0.028	1.0205	2.0504	2.0142	0.0381	2.065	1.0176	2.03	0.0291	1.0322	1.0179	3.0293	3.0584	1.065	1.0182	1.0553	3.0218	2.0446	1.0148	0.0217	0.0073	1.0228	1.0473	0.0213	1.0117	0.0486	0.0445	1.016	4.0456	2.0643	1.0339	3.0304	0.0407	3.0699	2.0379	0.0088	0.0471	2.0574	1.0329	2.0228	1.0123	1.0377	2.0419	3.0268	0.0971	2.0423	0.0238	1.0647	1.0184	2.0472	2.0365	0.0215	2.0364	2.0253	4.0749	0.0771	3.0529	5.0807	1.0463	0.0599	4.0733	2.0633
1.0197	1.021	0.0036	1.0396	2.0327	1.0291	1.0207	1.0218	0.0171	0.0292	1.0384	1.0058	0.0233	1.0515	2.0471	3.0368	2.0512	2.0349	2.0357	1.0404	3.03	1.0054	0.0343	1.0123	0.0297	0.0294	2.0565	0.0182	0.0101	0.01	3.0414	0.0094	0.0025	2.0268	0.0449	4.0632	0.0436	2.0214	0.0415	1.0125	4.0579	1.0201	6.0622	1.1009	0.011	1.0397	0.0436	1.05	0.0106	0.0311	0.0059	0.0155	2.0525	2.06	0.0135	0.0245	2.0268	2.0412	3.0714	0.0195	0.019	2.0503	2.027	2.0073
3.0365	2.069	0.0411	2.0342	2.0696	1.0419	1.0144	1.0337	0.0019	2.0182	0.0254	1.0316	1.061	2.0098	1.0455	1.0136	3.0827	2.0371	0.0091	2.0588	3.0346	0.0155	0.0008	0.0306	0.0032	1.0084	0.005	0.0097	1.0263	0.0117	1.0099	0.0219	0.0159	1.003	1.0133	0.0175	0.0357	1.0091	0.0094	2.0097	1.0164	0.0062	0.0349	1.0537	0.0179	1.0177	5.0455	1.0595	1.0464	0.0428	1.0047	1.0201	2.0478	1.015	0.0005	0.0035	1.0283	0.031	2.0446	5.0531	1.0099	0.0287	1.0558	1.0409
1.0273	1.0399	0.0206	2.0411	3.0154	1.0384	1.0421	3.0565	0.0213	1.0276	0.0076	1.0052	1.0677	0.0341	1.0192	2.0419	1.032	2.0223	1.0014	1.0301	0.0177	0.0056	1.0332	0.0367	0.0217	3.0232	1.0398	2.0495	0.0286	1.0251	1.0317	2.0492	0.0349	2.0398	1.0116	0.019	1.0339	0.0325	3.0326	1.0152	0.0326	0.0334	0.0172	2.021	3.0505	1.034	2.0173	0.0071	2.0336	3.0467	0.0273	1.0726	2.0296	0.017	1.0267	0.0265	3.0218	1.031	1.0405	1.0376	2.0325	1.0148	1.0509	2.0527
2.0527	0.0068	2.0491	2.0418	1.0374	1.0155	2.031	1.0048	0.0264	1.0103	0.0358	3.0558	1.0726	0.017	1.0298	2.0405	1.0481	2.0172	1.0317	0.0055	1.0293	0.0052	0.0268	0.0035	1.0157	1.0158	1.0227	1.03	0.0202	1.0067	0.0014	0.0013	1.0139	0.025	1.0224	0.022	0.0166	0.0147	2.0089	0.0097	0.0142	0.0145	0.0046	1.0321	3.0364	1.0301	2.0127	1.0312	2.0325	3.0396	0.0278	1.0676	2.0192	0.0294	0.0174	0.0116	1.027	0.0093	0.014	2.0041	2.0311	0.0237	1.0291	1.0257
0.014	1.0104	2.0547	0.0065	1.0122	1.0099	0.0559	2.0085	2.0485	1.0178	2.11	4.0321	0.0194	0.0132	1.0489	0.0038	0.0119	2.0159	3.0269	0.0432	0.0396	1.0094	2.0158	1.0485	1.0147	0.0107	1.0269	0.0649	1.028	2.0308	2.0145	1.0453	2.0364	0.0376	3.0808	1.0234	2.0109	1.03	0.0383	0.0323	1.0712	1.069	5.1097	2.0281	2.036	2.0363	3.0372	0.0254	1.0232	1.0262	1.0364	0.0122	1.0241	1.0645	0.0063	3.0382	2.0436	1.014	1.0294	1.0063	0.0156	1.0539	0.0039	1.019
1.014	1.0214	1.0561	1.0149	1.0433	0.0205	1.0581	4.0319	0.046	4.0311	1.0371	2.0189	1.0359	1.024	0.0638	2.0436	2.0358	1.0461	3.045	1.0392	0.0119	0.016	1.0324	1.0304	2.0246	1.0694	1.0452	0.0294	2.046	1.0501	4.021	2.0636	0.0234	1.0397	2.031	0.0448	5.0583	0.0272	2.0402	3.0486	0.0257	1.0323	0.013	0.0129	2.0282	1.033	1.0161	0.0264	1.0335	3.0468	1.0251	2.0684	1.0558	1.0134	0.0379	1.0458	1.0437	4.0415	0.0026	2.0423	2.0635	0.0448	2.0256	2.0558
0.0096	3.0214	0.0278	0.0059	2.0167	2.0297	0.0803	1.0168	0.0122	1.0231	1.0159	1.0368	0.0059	0.0118	1.0365	1.0148	1.0036	0.0432	2.0219	1.03	1.0069	1.0186	2.0188	0.0187	1.0231	1.0275	1.043	1.0409	1.0039	0.0199	1.0389	1.0299	1.0365	0.0482	1.0267	1.016	1.0422	2.0327	0.0174	1.0372	2.0628	2.0427	2.046	2.0218	1.0438	2.0277	2.0371	1.0385	1.0147	2.0306	0.0115	0.0171	0.0316	0.0196	2.0189	1.02	0.0252	0.0364	3.0339	2.0478	1.0201	1.032	1.031	1.0294
0.011	1.0128	0.0144	0.0068	1.0167	2.0326	2.0659	2.0341	1.0162	1.058	0.0198	3.0103	0.0135	0.027	0.0196	0.0065	0.0089	3.0621	4.0394	0.0326	2.0294	2.1083	4.1112	3.054	1.0245	4.1642	3.079	0.039	1.0381	2.0689	3.0611	3.0339	0.0098	2.0338	0.0255	0.0103	2.0556	7.1544	2.0972	2.0832	0.0245	6.1094	2.018	0.0103	1.0248	2.026	0.0081	0.0231	1.0154	1.0405	1.0247	0.0169	2.0403	1.0427	0.0323	2.0309	0.0111	2.0615	2.0106	0.0225	1.021	1.0251	1.0175	0.007
0.0494	0.0312	1.011	2.0136	0.0043	0.0091	4.0362	0.0188	1.0279	0.02	1.0289	1.0218	3.045	0.0569	0.0311	3.016	0.0033	0.0006	0.0149	0.0044	0.0008	0.0	0.0117	0.0027	1.0312	1.0014	3.053	2.0484	0.0328	0.0171	0.041	3.0132	1.0273	1.0097	1.0329	2.0684	0.0083	0.0001	1.0235	1.0172	2.0443	0.0055	2.0526	3.0741	2.0769	1.0109	2.0683	2.0575	2.0253	3.0269	1.0632	2.0625	0.0108	0.0025	2.0628	1.0419	1.0385	1.0224	2.0604	1.0692	3.0235	2.0266	3.0483	0.0878
0.0026	1.011	0.0117	0.0025	1.0018	0.0106	2.0218	0.0164	1.0124	0.0422	1.0308	3.022	0.0138	0.0211	0.0224	1.0082	0.0029	1.0095	2.0296	0.023	1.0083	1.0137	0.0552	1.0284	0.0239	1.0303	2.0501	1.0448	1.0088	2.0191	2.0513	0.0227	0.0239	1.0281	3.05	0.0242	1.0049	1.0606	1.0513	2.0397	3.0276	3.0522	0.0739	0.0615	2.0232	1.0401	5.0564	1.0513	1.0106	1.0254	0.0164	1.0158	0.05	1.0208	1.0208	2.0172	0.0625	1.033	3.049	4.0245	0.0273	1.0319	1.0275	0.033
0.0122	1.022	0.0249	0.0007	2.0468	3.0396	2.036	0.0195	1.0203	0.0158	3.0546	1.0485	0.0053	0.0111	2.0213	0.01	0.0137	2.0327	3.0675	1.0251	3.0343	1.0258	0.0425	2.0248	0.0242	0.0306	1.0336	1.0274	2.0155	0.0374	2.0305	0.0279	1.0176	1.0353	0.0379	0.0048	0.0373	1.004	0.0196	1.0101	1.0324	0.0101	1.0208	4.0497	2.0588	1.0269	1.0449	3.0653	0.0174	3.053	2.0341	1.0171	1.0238	0.0435	0.0177	1.0337	0.0194	2.0136	2.0164	1.0702	2.0419	1.0418	0.0194	2.0429
2.0499	1.0295	2.0557	0.0184	1.0595	1.0292	0.0223	4.0183	1.0521	2.0206	1.0429	2.0291	1.0489	0.0037	2.0332	0.0201	0.0374	2.035	1.0068	1.0356	1.0368	1.004	0.0038	1.0379	0.0078	0.0089	0.0116	0.0004	3.0476	0.022	1.0142	1.0272	1.0223	0.0192	1.0592	1.0173	2.002	0.0176	0.002	0.0105	2.0084	0.0011	1.0471	1.0581	2.0113	0.011	2.0424	1.0474	2.0426	2.019	2.0348	1.0457	0.0129	1.0133	0.0008	0.0434	0.0542	0.0014	2.0186	2.029	1.0345	1.0337	0.0261	2.0376
2.038	1.0601	2.0361	0.0235	3.0395	1.0886	0.0258	5.0363	0.047	1.0418	1.0476	5.0236	1.0499	1.0331	1.0613	0.0223	0.0493	6.0694	2.033	2.0635	4.0755	2.083	1.0254	1.0665	1.0236	0.0244	0.0232	1.0609	2.0479	3.0989	5.0265	2.0881	2.0346	1.0415	0.0419	0.0183	2.0187	1.0559	1.0224	2.0776	1.0314	0.0469	1.0295	2.0492	2.0359	4.062	5.071	1.0641	1.0357	2.0309	3.0491	1.0612	1.0966	4.0413	0.0458	4.0774	1.0346	4.0507	2.0421	4.0922	2.0445	1.0705	0.0595	2.062
0.0062	0.0126	1.0051	0.0095	0.0133	0.0082	0.0111	1.0254	1.0261	2.0298	2.0233	3.0482	0.0147	1.0191	1.0326	0.0235	0.001	1.0101	3.025	1.032	0.0135	0.0011	0.0182	1.0213	0.0259	0.0121	0.0305	0.0355	0.0358	2.0212	5.0416	0.0269	1.0145	0.0231	3.0697	1.0364	3.0221	0.0226	0.0286	2.0322	1.0381	0.0434	1.0405	2.0324	1.023	2.0476	2.0715	1.0157	0.0117	0.0123	1.0504	0.0121	2.0209	0.0109	0.0458	3.0237	3.0527	3.0205	2.0713	1.0416	0.013	0.0145	1.0386	0.0049
1.0238	0.0271	1.0071	2.0361	0.0013	0.0209	1.0183	1.0172	1.0314	0.0112	1.0297	1.0346	1.0129	1.0655	2.0273	1.0292	0.0166	1.0033	2.0474	0.0179	2.0277	2.0037	0.0532	2.0341	0.0233	0.0081	1.029	0.0453	1.0286	1.0088	2.0696	2.0314	2.0435	0.0176	1.0248	3.0639	0.0176	0.0134	0.0032	1.006	4.0441	0.0173	2.0236	1.033	0.0161	1.0557	0.0252	2.0445	1.0102	1.0087	0.0387	0.0168	1.032	4.0669	0.0305	1.07	1.0626	1.0037	3.0471	1.0286	0.018	3.0569	2.0288	2.0532
1.0156	1.0258	0.0136	3.0617	0.0224	1.0082	0.0188	1.0489	2.0141	2.0212	0.0142	1.0426	1.028	1.069	2.0365	2.0532	1.0125	0.0162	3.0231	1.042	1.0037	0.001	0.0158	1.0221	0.0323	0.0127	0.011	0.027	0.029	1.019	3.0408	1.0243	3.036	1.0299	1.0051	0.0438	0.0101	0.017	0.0065	2.0161	0.0274	0.0011	1.0002	1.0312	0.0472	1.0283	1.0058	2.0315	0.0527	0.0173	0.0422	2.0388	4.0587	1.0163	0.0428	2.0346	3.0408	0.0137	1.0344	2.0198	1.0471	4.036	0.0257	0.0388
0.0243	2.0362	0.0287	1.0361	0.0411	2.0353	1.0352	4.0694	4.0471	2.0529	2.0362	1.0274	2.0128	1.0558	0.04	1.0379	0.0271	1.0414	2.0443	2.0415	3.0287	2.043	1.0576	2.066	0.0431	1.0511	1.0525	0.0452	3.0724	3.0247	7.0932	1.0666	3.0423	3.0724	4.0302	0.0601	1.0414	3.0849	0.0595	5.0878	1.0638	4.0695	1.0231	1.0439	0.0253	0.066	3.0459	1.0269	0.0315	1.032	3.0591	1.0173	1.0473	1.0376	0.0385	3.0349	4.0387	2.0885	3.0873	2.0442	0.0293	2.0236	1.0784	1.0137
1.047	1.0401	2.0553	0.0505	3.0394	0.0436	0.0181	4.0389	5.0539	1.0662	1.0302	5.0579	1.0354	0.043	1.0299	0.0531	1.0393	2.0285	3.0363	0.0474	1.0192	0.017	1.0183	0.0411	1.0422	0.0153	0.0134	0.0391	2.0341	3.0238	3.0449	2.0739	2.0585	3.0479	4.0396	1.046	1.0508	1.0176	0.0216	1.0618	0.0254	1.0376	0.0225	2.0365	1.0268	4.0518	2.0455	2.0707	0.047	1.0085	2.065	1.0172	1.04	1.0139	0.0514	5.0347	4.0694	1.0331	2.0597	2.0768	0.0413	1.034	3.1211	4.0685
0.0	1.0228	0.0246	0.002	1.0164	3.053	0.0207	0.0247	1.0001	0.0393	2.0325	1.0045	1.0001	0.0026	0.022	0.0021	1.0199	0.0438	3.0229	0.0121	2.0471	4.0374	0.0585	5.0741	0.0128	0.0188	0.0463	0.0425	0.0179	2.0319	4.0895	1.0427	0.0155	1.0319	0.0131	1.0124	0.0076	2.0365	0.0219	1.0544	1.0402	1.0303	4.0485	1.0247	2.0247	1.0502	2.0226	0.0143	0.0143	2.0163	1.027	0.0007	1.0277	1.0552	0.0161	1.0173	0.0201	2.0319	2.0516	3.0399	0.0166	0.0314	1.0113	0.0115
0.012	1.0049	0.0355	2.0134	1.0212	1.0142	0.0236	2.0272	0.0127	1.0114	1.0291	0.0154	1.0286	0.0237	1.0543	2.0215	0.0125	0.0202	1.0014	1.0174	0.0112	0.0239	0.013	3.0252	0.0193	0.0057	0.0006	0.0261	2.0482	2.0372	4.0172	0.0581	0.016	2.0048	0.013	1.0332	1.0129	1.0188	0.0034	1.0526	0.0099	1.0102	2.0189	1.05	0.0689	0.009	1.0182	3.0537	3.0308	1.0609	2.0349	0.0641	0.0175	1.0163	0.0116	1.0398	3.0246	1.0605	1.0404	3.0538	3.0449	0.0156	2.0783	2.0502
4.0995	4.0641	0.0171	2.0483	1.0483	4.0516	1.0362	0.0509	0.0135	1.0152	0.0106	2.0289	2.0554	1.0459	0.0454	3.0314	2.0347	0.0493	1.0145	2.0445	1.019	1.0073	1.0135	1.0492	1.0071	1.015	1.016	1.0631	2.0379	0.0413	1.0231	1.0406	2.0197	1.0412	1.0087	1.0542	0.0155	0.0165	0.0249	3.0163	1.0355	0.0058	0.019	2.0339	1.0411	1.0283	2.0845	3.06	2.0786	1.0626	1.0278	1.0311	3.0609	0.0257	2.0265	0.0267	3.068	1.0367	1.0349	2.0576	0.0678	3.0258	4.0422	1.0251
1.0312	3.0532	1.0121	0.0252	2.054	4.0537	0.0369	0.0595	1.0094	1.034	2.0454	2.0375	0.0113	1.0241	0.0268	1.0194	3.0388	0.0708	2.0518	2.0219	2.0373	2.0275	2.0624	2.0263	2.0329	0.0296	1.0459	1.0508	0.0178	1.0233	2.045	0.0299	1.0369	3.0636	3.0326	0.0272	1.0532	2.0498	0.0403	1.0276	3.0793	2.0546	5.0875	2.0631	0.0215	1.01	2.0822	3.0566	0.0139	0.0166	0.0289	0.0073	2.0311	0.0112	2.0216	0.0039	2.0575	0.0297	4.1169	1.019	0.0195	1.0103	3.0762	2.0023
4.0684	4.0372	0.03	3.0471	1.0705	1.0362	0.0232	4.0384	0.0221	0.0254	0.011	0.0146	0.0459	1.0668	4.072	2.0213	6.0827	2.0799	0.0109	2.0654	2.0507	0.014	0.0076	0.0249	0.0136	0.0309	2.0301	0.0282	0.0347	2.0369	4.0195	0.0298	2.0279	0.0242	0.0208	2.0381	2.0601	1.0278	1.0409	2.0173	0.0093	2.0395	2.0509	2.0508	0.0196	2.0168	1.0782	1.0396	0.0529	0.0271	0.0109	0.0543	5.0596	0.0192	1.031	0.0403	4.0628	4.0504	2.058	2.0595	0.0381	1.0297	3.0366	1.0159
0.0274	1.0176	0.0134	2.037	2.0366	2.0334	0.0341	1.0208	1.0361	1.0411	2.0147	0.0173	0.0464	0.0271	2.0341	3.0361	1.0145	2.044	2.0184	2.0478	2.0213	1.0332	1.0338	0.0092	0.013	0.015	2.0528	0.0269	0.0034	0.005	1.0111	0.0304	1.0112	1.0223	2.0628	1.031	1.0381	1.0223	0.0277	0.0024	2.0587	1.0141	4.1208	2.0591	0.022	2.0051	2.0941	2.0265	1.0235	0.0303	0.0156	0.026	2.0138	0.0089	1.016	0.0238	2.0195	0.0202	1.0644	5.0561	1.0235	1.0255	3.0326	0.0492
0.0144	2.0285	1.0333	2.0322	1.035	3.0436	0.0377	3.0407	2.0222	0.0132	1.0487	0.0389	0.0218	0.0144	3.0587	1.0459	2.0226	2.04	0.0227	1.0561	2.0287	1.0183	2.0463	0.0231	0.0113	0.0041	2.0316	0.047	2.0172	1.0099	0.0395	1.0308	1.0402	2.0458	0.0263	0.0297	1.0416	1.0208	0.0063	0.0206	1.0618	1.0218	1.0277	6.0208	3.0534	0.0237	1.0396	1.0258	2.0277	0.0196	2.0429	1.0221	1.0293	0.0221	0.0038	1.0103	0.0467	1.0502	5.0357	0.0589	0.0203	1.0174	2.0614	3.052
2.0243	1.031	1.0473	1.005	0.0308	0.0221	1.0429	1.0302	1.0305	5.0214	0.0432	0.0237	0.0035	1.052	0.0141	2.0276	2.0586	1.0431	3.0368	1.0271	3.0468	2.0181	0.0382	1.0389	0.0401	0.0533	2.0254	1.0314	0.0072	1.0423	3.0385	1.0374	1.0225	0.0365	1.0117	1.0595	4.0278	0.0283	1.0395	3.0321	2.0293	1.035	1.0143	0.0218	0.0015	1.0435	0.0351	2.039	0.0022	0.0037	0.0066	0.0057	0.0599	4.0753	1.0263	1.0387	0.0301	2.0177	1.0111	2.0539	0.0059	3.066	2.0285	1.0339
0.0047	0.0111	0.0446	2.0228	3.0144	2.0244	0.0323	1.0284	0.0323	1.0303	3.0265	1.0526	1.0347	0.0463	2.033	2.0393	1.0418	3.028	4.0519	1.0625	3.0413	0.0378	0.0249	2.0662	0.0183	0.0394	0.042	1.0203	1.0368	5.0518	3.0407	1.087	1.0159	2.0326	0.0151	0.0413	1.0719	2.0401	0.023	2.0374	0.0149	2.0442	1.0042	2.0271	2.0297	1.0641	1.0209	1.0228	0.0208	1.051	1.03	2.0268	2.0592	2.0851	0.0247	5.0728	3.0388	2.0566	1.0142	1.0262	0.0285	3.0826	1.0376	2.0692
1.0391	3.0624	1.0169	0.0195	3.0786	2.051	1.0388	2.0329	0.0391	1.0204	1.0295	4.0614	0.0408	1.028	2.0445	1.0434	2.0432	2.0687	1.0257	3.0234	1.0225	0.0247	1.0346	2.0151	1.0363	0.0289	1.0437	0.0364	0.028	0.0468	5.0506	2.0492	2.0212	2.0463	2.0588	1.0501	1.0222	2.0189	0.0479	2.0739	1.0499	3.055	2.0255	1.0481	2.0469	0.0271	1.0922	5.0702	0.0344	1.0227	2.0455	0.0637	3.0378	0.0057	0.0237	1.0599	5.0395	1.0579	3.0761	3.0926	1.0389	4.0476	3.0641	2.0752
1.0536	3.0271	1.0166	0.0322	2.0311	0.0194	0.0311	2.0462	1.0352	1.0161	1.0072	4.0696	0.0233	2.0302	1.0482	1.0626	2.019	0.0285	1.0334	2.016	0.0122	0.0035	0.0209	1.0023	0.0296	0.0327	1.0109	0.0264	0.0382	1.0239	4.0447	1.0183	2.0325	0.043	2.0186	2.06	1.0299	1.0043	0.0166	2.0432	1.0425	2.0063	1.0176	1.0619	1.0432	1.0251	1.085	5.0884	0.0242	1.0212	2.0505	0.0561	2.0244	0.0128	1.0311	1.031	4.0462	1.039	2.0916	3.0918	2.0471	1.0321	4.0899	3.0683
0.0018	1.0203	0.0148	0.0124	2.0261	1.0348	1.0338	3.0476	0.0231	1.0129	1.0084	2.0384	0.03	1.0267	0.0318	2.0541	0.0132	3.0516	2.0142	1.0342	1.0203	0.0347	0.031	3.0541	2.0154	0.041	1.0165	0.0486	0.0204	2.0689	3.0374	3.087	0.0194	2.0309	0.019	2.0317	1.0211	1.0186	0.0219	0.0245	1.0397	0.0146	1.0219	3.0295	1.0233	1.0347	1.0905	4.0528	0.0034	1.0163	2.0341	0.0594	2.046	2.0521	2.034	2.0845	1.0227	1.0175	2.0621	2.0916	2.0396	4.0864	3.0561	3.0804
0.0117	0.0391	2.0363	1.0362	3.0284	1.0198	0.0322	2.0619	3.0561	2.0708	3.0551	3.0445	0.0191	1.0414	1.062	1.0199	2.0287	1.0313	6.0747	1.0552	2.0431	2.0551	2.0531	2.0384	0.0298	1.0654	0.0467	2.0709	1.0126	1.0744	4.0554	1.0457	1.056	3.0492	1.0619	1.0342	3.0794	3.0701	0.0495	2.0464	3.051	2.0677	2.0178	1.0335	2.0435	2.0795	1.0545	4.048	0.0294	2.0259	2.0565	0.0167	3.0533	2.0465	1.0794	1.0413	0.0673	3.0531	3.0383	3.0765	1.0487	3.025	2.0399	0.0328
1.0193	1.0208	0.0403	2.0463	3.0536	2.03	0.0322	1.0139	1.0287	1.0266	1.0154	3.0464	0.0137	0.0114	1.0492	1.0574	2.0247	2.0293	3.0272	0.0681	2.018	1.0132	1.051	1.0178	0.0085	0.0289	1.0272	0.048	1.017	0.0086	2.0517	1.0204	1.0374	3.0428	0.0185	0.0126	1.0318	1.045	0.0149	0.0265	1.0139	1.0273	0.0098	2.0182	1.03	1.0764	2.0278	4.0447	0.0452	0.0372	3.0313	0.0048	1.0459	1.0067	0.0214	2.0324	2.0602	0.0354	2.0268	3.0625	1.0577	3.01	2.0548	1.0577
1.0319	0.0042	3.0606	1.0293	0.0065	0.0159	1.0021	1.0284	1.0612	0.0528	4.0638	0.0196	2.0302	1.0269	2.0086	0.0352	1.0185	0.0119	0.0167	1.0118	0.0121	1.007	0.0109	3.0386	0.0169	0.0041	0.0176	1.0094	1.0232	0.0417	2.0385	2.0567	3.0495	2.0265	2.0859	0.0427	1.035	1.0033	0.033	1.0461	4.0722	2.0313	2.047	0.0201	0.0176	1.0213	0.0178	1.0078	0.0262	0.0094	0.0343	3.0169	2.0171	2.0427	0.0025	0.0471	2.0484	1.0282	2.0307	1.0167	0.0275	2.0333	1.0359	1.0209
1.0098	0.0067	2.0543	0.0	1.02	3.0212	0.0286	1.0622	1.0479	1.0509	4.0826	2.0054	0.004	1.014	0.0341	0.0076	2.031	1.0395	3.0561	1.0164	0.0282	1.0352	0.0322	7.0909	0.0289	0.031	0.0274	0.037	2.0395	3.0847	5.1053	4.1191	0.0401	3.0483	2.0444	0.0176	3.0755	2.0597	0.0287	3.0994	2.0414	4.1012	5.1078	1.0519	0.0427	2.0445	4.0359	0.0275	0.0016	1.0375	1.0436	0.0257	3.0265	2.067	0.0266	2.0819	3.0459	3.0778	3.0853	3.055	0.0228	1.0557	3.0774	2.0267
0.0049	1.0178	1.008	0.0148	0.0306	2.0171	0.0297	0.0143	1.0292	1.0306	1.0312	3.0257	0.0097	0.0518	1.0218	2.0235	1.0243	1.0502	3.0333	1.03	3.0287	0.0314	1.031	1.023	0.0383	0.0047	1.0302	0.0276	0.032	2.0375	1.0272	3.0546	1.007	0.0117	3.0478	1.0348	0.0277	1.0193	0.0049	1.028	3.0185	0.0074	0.0395	0.0297	0.0199	3.0236	2.0199	0.0419	0.0104	0.0119	0.0423	1.0273	3.0515	2.0347	0.0357	3.0651	1.0303	1.0371	1.0127	2.0221	1.0305	3.0626	1.0327	1.0545
3.0654	0.0511	2.0529	0.0104	1.0315	1.0231	3.024	1.0592	2.0534	3.0243	1.0397	0.0384	2.0156	0.0207	0.0085	0.0105	1.0404	2.0122	1.0251	0.0141	0.0155	1.0065	1.0518	2.0236	1.0351	0.009	2.0647	1.0295	0.0352	1.0099	1.0408	3.064	0.0404	3.024	4.047	0.0171	1.0375	1.0325	0.0398	2.0263	1.0343	1.0383	2.0465	3.0545	1.0551	1.0114	1.0456	2.0543	1.035	1.0505	0.0458	2.0135	2.0074	1.0319	0.0228	0.0379	3.0213	0.0644	2.0422	1.044	1.0389	1.0278	4.077	3.0577
0.0381	2.0542	0.0559	0.0292	8.0554	2.0736	0.0605	1.058	3.0491	2.0731	2.024	2.0311	0.0133	1.0281	2.0235	0.0307	1.0613	4.0975	8.0613	3.0332	1.0553	1.0465	1.05	4.0452	0.0486	1.079	0.0443	0.059	1.0265	1.0599	6.088	1.0413	1.0511	3.0554	1.0488	0.0199	4.0927	3.0396	0.0789	3.0907	1.031	4.037	0.0179	0.0408	1.0322	4.0418	2.0566	1.0406	0.0269	2.0425	0.0125	0.0143	3.0504	1.0463	0.0411	2.0433	1.0464	3.0895	2.028	6.0416	0.0243	0.0513	2.037	0.0227
3.0897	3.0509	1.035	1.0437	2.0731	2.0263	2.0275	0.055	2.0596	3.0281	1.0465	0.0678	1.0338	1.0109	5.0529	1.058	1.021	2.0416	1.0832	3.0296	2.0265	0.0162	1.0191	0.0317	2.0272	1.0383	0.0328	2.0337	2.0252	0.0451	1.0741	3.0402	2.0822	0.0583	4.0473	3.0436	2.0416	0.024	2.0306	3.0412	2.0695	0.0396	0.0309	2.035	1.0547	2.0611	3.0413	2.0858	2.0375	1.0426	0.0365	1.0376	2.0479	1.0281	0.0547	3.0578	3.0675	3.0315	3.0532	3.0927	0.044	3.0756	3.065	3.0848
2.0242	4.0536	2.0525	0.0272	1.0859	3.0234	2.0713	0.0363	0.0487	2.0325	0.0389	1.0328	0.0099	2.0074	3.043	0.0308	1.018	1.0322	1.057	3.0356	2.0082	0.0498	2.0653	2.0576	1.0564	3.0428	3.0714	0.0478	1.0188	3.0626	2.068	3.0888	4.0938	1.0858	0.0364	2.0156	3.0253	1.0427	2.0541	3.06	4.0592	1.0497	2.0782	2.0401	0.0197	1.0616	3.0663	2.0546	1.0204	0.0303	0.0063	0.0124	1.0342	2.0633	1.0284	4.0855	1.0662	3.0537	4.0383	3.0813	0.0247	2.0836	3.0658	2.0516
1.0219	0.0403	2.0205	1.0335	2.0229	1.0617	1.0136	1.0368	1.0049	1.0334	0.0479	5.0636	1.0246	2.0422	1.0588	1.0587	3.031	2.029	3.0667	2.0723	2.0596	2.0392	1.0281	1.0589	0.0134	1.0271	0.0303	1.0642	1.0322	3.0474	4.0539	0.0484	0.0313	2.0206	2.0323	0.0445	1.0854	2.0418	0.0261	3.0432	1.0281	2.0328	0.0365	1.0848	2.0594	3.0414	7.0899	2.0886	0.0332	1.0461	1.0429	2.035	5.0427	1.0429	0.0743	3.0314	2.0822	2.1025	4.0665	7.0667	0.0452	0.0517	3.11	2.0404
0.04	2.0111	1.0492	1.0291	3.0401	0.0395	1.0393	1.03	1.0296	2.0477	2.077	3.0216	1.0236	2.0303	0.0403	1.0414	3.0505	2.0746	5.044	1.0444	3.0794	2.0772	1.0334	2.025	0.0184	1.0639	0.0335	1.047	0.0213	2.0759	4.0337	0.0066	1.0122	1.0303	2.0509	1.0418	4.0481	2.0562	0.0636	3.0345	0.0448	2.0716	2.0637	2.0412	0.0315	1.049	5.0789	1.0279	0.0151	0.0255	0.0298	1.0201	1.0462	4.0502	0.0246	0.048	4.046	4.0261	2.0471	1.0774	0.0152	0.016	2.0448	2.0535
1.0074	2.0337	0.0378	2.0091	1.0201	2.0113	1.0514	1.0205	0.04	0.0078	1.0353	2.0312	0.0355	0.0092	2.0492	1.0219	0.0161	1.014	0.0132	1.0203	2.0356	1.0291	1.0011	0.0356	1.0153	0.0148	1.0196	1.0456	0.0225	2.0327	2.0444	2.0432	2.0641	0.0229	2.0273	0.0398	0.0124	0.0213	1.0223	2.0059	2.0717	1.008	1.0259	2.0256	2.0521	0.0481	0.0183	3.0401	2.0119	2.0443	1.0361	0.0466	0.0167	1.0463	0.0157	2.0576	1.0267	2.0312	3.0488	0.0562	3.0288	1.0467	2.0414	1.0346
1.0346	3.0401	2.0432	1.0219	0.0562	2.0256	1.0456	2.0312	2.0576	2.0059	0.0356	1.0205	0.0466	0.0398	1.0203	2.0091	2.0414	0.0183	2.0444	2.0492	3.0488	1.0259	1.0196	1.0353	0.0157	1.0223	1.0011	1.0514	1.0361	2.0273	0.0132	0.0378	1.0467	0.0481	2.0327	0.0092	2.0312	1.008	0.0148	0.0078	1.0463	0.0213	1.0291	2.0113	2.0443	0.0229	1.014	2.0337	3.0288	2.0521	0.0225	0.0355	1.0267	2.0717	1.0153	0.04	0.0167	0.0124	2.0356	1.0201	2.0119	2.0641	0.0161	1.0074
