1.1002	1.0801	2.24	1.1279	1.0868	1.05	0.2276	3.1939	2.1948	2.1613	1.1684	1.2406	1.1263	3.1117	3.3008	0.0927	0.0652	0.0672	1.0867	2.109	1.0342	1.0346	1.0202	1.2054	1.2277	0.0889	2.0831	0.2686	0.2118	1.1195	7.1415	1.3032	4.1813	1.2406	1.2595	2.1911	0.1186	2.1281	1.1743	3.1932	0.1831	1.1508	0.1374	4.1165	4.2531	0.252	2.2247	1.133	0.1978	3.1699	2.1697	1.1861	1.1093	0.1124	1.2384	2.1903	5.2668	3.223	2.1987	2.241	1.1271	1.1702	0.2478	3.2161
2.2976	3.2878	1.1624	2.241	3.3194	0.122	0.1662	4.2314	2.2084	1.1752	1.0251	3.2312	3.3081	4.3059	2.2783	2.284	1.2514	0.1949	5.1064	6.2856	1.2125	2.0988	0.0296	2.1254	0.1376	0.089	0.0581	0.1234	2.3558	0.2665	3.1015	2.1768	1.1649	2.1294	0.1122	3.2618	4.08	1.047	0.0609	0.2791	2.0701	0.0285	0.0122	0.0525	0.1624	1.1463	0.1366	3.1902	4.2305	2.2022	1.2567	0.3761	4.306	2.1989	0.151	1.2622	2.2522	4.1743	1.068	1.2282	2.2445	2.2007	3.2058	3.2747
4.3268	2.1651	1.1986	2.1809	0.1342	2.1716	1.112	0.0734	1.1582	2.0827	0.0852	0.125	2.124	0.0617	2.1783	2.1725	2.1528	0.0439	0.1178	2.1101	1.0592	3.2765	1.046	2.249	1.1351	0.0358	1.129	2.1027	0.1571	3.1386	1.1218	1.2865	1.2356	1.0925	1.0285	0.0543	1.1643	1.1178	1.1161	1.0308	0.0807	1.1478	5.3177	2.2182	1.2105	1.1071	0.0547	4.3491	2.1652	0.2056	1.1141	2.1923	3.1522	1.1074	1.1266	2.2816	1.0544	1.1969	2.2316	2.2758	2.193	2.324	3.3985	9.8288
0.1265	0.1219	3.2384	0.1387	1.2036	2.2005	1.1162	0.1187	5.3355	3.2962	4.3568	1.2274	0.2306	2.1397	3.1091	2.0781	0.1683	3.1859	3.2131	3.1102	3.1559	2.2635	1.3117	3.1442	0.163	0.1329	4.3231	0.2613	1.099	4.153	2.2746	0.2108	3.2116	0.2774	5.5115	3.1144	2.1773	3.348	1.1873	2.2091	2.4409	4.2929	3.379	3.2602	2.1943	1.2887	3.2798	2.1913	0.1195	1.0754	2.2603	1.1942	3.143	3.1687	1.2543	2.2655	4.1766	1.1905	1.3092	4.2053	1.1255	2.1836	1.1711	0.229
6.5197	0.1533	2.2608	3.2657	1.1473	0.1197	0.1006	2.1332	2.3539	2.1729	3.3338	3.1216	1.1655	3.2281	2.2835	1.1602	2.2394	0.1199	5.2354	2.1235	0.1783	2.0617	0.0641	3.1422	0.1479	0.1052	1.1314	0.1285	1.3089	1.1174	2.1674	3.1969	1.2342	3.151	3.2231	1.2017	4.2001	1.1365	0.1585	1.2073	3.1983	1.2396	3.1925	0.1862	0.1144	1.2105	4.1006	2.2532	2.1621	0.0772	0.2265	1.2326	4.2001	2.1288	1.2116	1.3082	3.1239	3.1846	0.2138	4.2277	1.1111	3.2954	2.2042	2.3757
1.1831	2.1394	2.1951	3.1566	0.2042	2.1741	0.1072	1.1029	1.3053	3.2255	4.2149	1.2433	0.2449	0.1387	4.2174	2.1022	1.0962	0.17	5.3009	1.1294	6.1675	2.3147	0.3147	3.1877	0.0888	0.3081	1.2587	2.1709	0.0981	4.2415	4.2649	1.2382	3.2455	1.1378	2.3153	2.1882	1.171	4.2771	1.2476	3.3138	4.3105	3.2049	3.3512	2.2906	0.0856	2.2089	2.2474	2.2485	2.0926	0.1416	0.1398	0.1367	0.1537	3.2188	2.1741	2.2726	3.1751	3.2751	4.3356	1.1802	2.075	1.2372	1.223	3.2083
3.0951	2.275	0.1081	2.1854	0.1959	4.3971	0.128	0.0889	2.1587	2.2424	2.0801	0.0403	1.0296	0.2236	2.0904	1.0507	2.3053	1.2715	3.1466	0.0417	3.3271	10.7023	3.5001	3.2683	1.2566	2.2721	5.4216	2.2903	0.0953	4.1875	2.2263	0.1428	2.2245	0.213	3.1975	2.1527	1.1726	4.4544	4.3082	1.2123	4.2742	3.4817	6.6266	2.2303	0.0402	2.254	2.2369	1.129	0.0383	1.0503	0.0653	0.0141	2.0622	1.3418	3.3075	2.0825	0.0755	3.1518	2.3949	1.099	0.003	2.1459	0.1717	1.0181
4.2852	0.1104	3.3169	1.1439	0.0218	1.1369	0.0941	2.1627	3.2806	2.2952	5.2834	2.1819	1.1337	0.0782	0.0726	1.2468	1.1854	0.0979	2.1267	0.0909	1.136	4.3201	1.2266	2.1922	1.1129	2.145	1.1554	0.1859	2.1349	2.2528	2.2714	5.2402	2.274	1.0824	6.3199	0.1457	1.1229	1.2383	2.1858	4.2653	2.3527	3.2734	2.3163	1.0999	0.1235	2.0987	1.1787	1.1828	1.1112	1.0822	1.2692	1.0882	1.2197	2.1841	1.1093	3.2576	3.0747	1.1078	0.2946	1.1291	1.1574	3.341	3.1512	4.3808
4.6366	2.186	5.3971	2.2466	3.2013	1.1538	0.1446	0.0612	6.4773	2.2785	2.1868	2.2608	0.0525	1.1174	4.1862	0.214	1.307	1.0789	5.1887	0.0541	2.0581	1.0537	0.0896	0.0145	0.2048	0.0728	1.0874	0.0886	1.1151	1.0371	1.076	1.0346	7.3041	0.2729	1.4023	2.1964	2.2905	2.0855	0.1306	3.0967	2.2566	2.1334	1.2281	2.2654	1.1679	0.1095	5.3258	2.359	1.2194	1.0767	1.206	1.0724	0.0857	0.0715	1.0888	1.0902	2.2399	3.1293	3.3776	4.3451	2.1888	0.0758	2.4746	5.3229
5.5312	2.2813	3.2694	4.3474	1.2237	2.0592	0.0678	1.2077	3.3083	0.0693	1.0838	4.2882	2.3309	2.1189	3.1978	2.456	2.2265	0.0462	3.0471	3.2325	1.0382	0.0109	0.0083	1.0735	0.0499	0.0044	0.0341	0.0974	0.1058	0.1046	1.0497	1.1729	3.2388	2.0907	0.2002	1.2007	2.0768	0.0479	0.0523	0.1018	2.141	1.075	0.1283	1.1486	0.2622	0.0523	4.2182	5.3546	4.3969	0.1105	1.2296	1.3596	4.231	0.0129	0.0707	0.0599	1.1882	1.1131	3.2417	5.3871	4.4044	2.1056	2.4675	12.0263
3.2379	3.2453	3.1845	1.303	1.1013	1.2011	0.0769	3.3201	3.2055	2.1354	1.2344	4.2467	2.1778	1.1359	1.2982	0.1797	3.156	0.1234	0.1105	1.1066	1.0922	2.1253	0.0477	1.2855	0.095	0.0475	0.0507	1.0499	0.2695	4.211	2.251	5.2539	4.2414	1.152	5.3568	1.2692	0.1503	1.0098	0.0378	1.1182	4.3213	0.0503	2.4029	2.2413	1.1945	2.0372	4.3353	1.1932	0.3382	1.1786	3.2213	1.1155	2.1524	0.1547	1.0789	5.1758	4.4606	0.0829	5.4102	1.2237	2.2187	1.1179	3.3131	1.1376
0.0712	0.1386	2.1855	0.1205	3.1455	1.1589	0.1726	2.1608	3.2347	2.3207	4.315	2.1767	1.1113	2.0904	1.3699	2.0626	1.1911	4.1273	1.2506	2.1317	1.2016	2.1876	1.1402	4.2531	0.2071	0.0565	2.1656	0.0779	1.2643	1.2008	2.2261	3.1306	1.1259	2.2512	4.2742	3.213	4.1798	2.3137	0.0682	1.3296	1.181	4.2859	3.1442	3.3136	0.2638	0.1208	2.1978	2.1985	0.1279	0.1215	4.3409	1.1706	0.1683	3.104	1.1463	0.0692	6.2365	1.108	1.335	0.3001	3.1188	1.0774	3.1938	0.0968
4.3509	1.2478	0.2765	3.4226	3.2914	1.1733	1.0368	1.1873	1.2651	1.208	2.1597	2.2258	8.2719	1.3897	7.3363	2.447	2.4835	4.1844	2.2022	6.3222	3.292	1.1342	0.0729	0.1269	0.0887	1.0391	0.0331	0.0745	2.2741	2.1338	0.1184	2.2637	2.1624	0.0675	2.1408	0.3411	5.2482	2.1112	0.0581	1.1547	2.0978	1.1261	0.0817	0.1494	1.2137	0.0765	5.2017	2.2061	0.3082	1.1883	3.3018	9.3567	3.354	0.2062	0.0667	4.2588	1.3209	5.1984	1.2587	6.2493	2.3823	3.2403	1.378	0.3456
4.5615	2.4541	1.1453	2.4086	10.3485	0.2394	2.1381	1.2547	0.2458	1.076	1.0637	0.2416	6.3447	1.1886	5.3171	4.4501	1.3871	7.1915	1.2259	7.1544	0.2261	0.0666	0.0622	0.026	0.0927	0.0421	0.0737	2.114	0.2179	0.0784	1.1859	2.2447	2.3176	1.0799	0.0835	2.3216	4.1148	0.0519	0.0222	1.1468	1.097	0.0747	0.0198	0.1355	3.1824	0.1219	5.2014	2.3849	2.3239	3.2551	0.1538	6.4466	1.2267	0.0228	0.0799	1.2487	4.3813	4.1424	0.1663	8.4045	2.4829	1.1886	5.3691	2.4144
0.2306	0.4094	0.0557	1.3193	8.247	1.3816	1.0657	1.1454	0.0948	1.1258	0.0497	0.1423	11.295	0.2354	6.2028	1.4477	0.2806	7.2576	1.126	6.1786	1.277	2.147	1.1645	0.1183	0.0947	1.091	1.1331	0.0779	1.1895	1.0726	0.2107	2.1585	1.0848	0.0583	0.0497	1.3636	4.0596	1.1285	0.0929	2.1543	1.1067	0.0657	1.0766	0.3664	3.1761	0.1207	9.2716	1.5516	0.4416	5.1732	0.137	10.3194	0.2758	0.0704	0.0241	1.2131	1.2613	5.128	0.3536	13.5331	0.4112	0.1555	4.5911	1.461
4.6655	3.4977	0.2128	4.6667	12.4119	1.3493	0.1237	1.1377	1.1243	0.0377	0.0312	2.2037	11.5525	0.0326	3.2567	3.7258	2.4582	9.2092	0.0346	2.2789	0.3677	0.1007	1.0036	1.0632	1.0639	0.0157	0.0023	0.057	0.1792	0.0061	1.0227	1.185	1.1374	1.0748	0.0234	0.1198	0.0376	0.0121	0.0042	0.017	0.0364	0.0001	0.0536	0.208	4.213	0.025	6.1316	2.3849	4.8008	1.2408	3.1463	11.505	1.1129	1.0731	0.0071	0.1552	0.1735	0.0173	0.211	10.3283	5.7453	1.2419	0.3247	6.7764
1.0835	1.2959	3.114	0.0646	2.2014	3.3637	0.1169	2.1716	1.1628	2.3284	5.1791	2.2694	1.0612	0.1494	1.12	0.048	2.1666	4.3255	3.4718	0.1049	5.5174	5.5521	2.2836	2.1932	2.1459	0.2385	0.273	0.2019	1.1243	5.299	6.2046	0.1073	2.144	1.0928	3.2546	1.1118	1.1897	3.2591	0.2952	6.2513	1.139	4.2359	1.3968	3.3716	0.0946	1.2146	6.5436	1.1865	0.1185	1.0984	1.0995	0.0411	1.1576	3.3678	0.1634	2.1122	3.1555	4.1926	4.3848	3.2217	0.0322	0.1146	1.1942	0.0137
0.0631	0.0063	0.1044	1.3417	3.0087	0.0013	0.0355	0.0922	0.1026	0.025	0.1477	2.4562	6.1958	0.0302	12.4156	0.6888	0.0086	0.0066	0.1771	6.0678	0.002	0.0	0.0004	0.0009	0.0112	0.0082	0.0242	0.0715	0.0159	0.0098	0.1996	0.0715	1.124	0.0837	2.1193	0.4412	3.0666	0.001	0.048	0.1214	0.2124	0.0936	0.2326	0.7363	7.3512	0.1776	24.5456	1.9022	0.2634	3.041	0.3323	10.4014	0.184	0.001	0.0334	0.0856	3.4426	3.1107	0.8883	31.7905	0.4191	0.0865	2.1242	1.5649
4.4036	5.4038	2.3115	0.2188	4.4286	2.3731	0.1737	2.3306	3.2777	7.383	1.1788	2.1353	2.1425	1.1512	2.1842	0.1111	3.4167	0.3486	5.3373	3.1865	3.2932	2.1767	0.2077	6.2148	0.0683	0.2408	0.1219	0.1052	7.3875	2.2581	2.2371	1.1547	3.2088	0.3496	1.1477	1.0617	3.3443	6.2063	0.1368	1.3721	1.1386	2.1782	1.0362	1.0892	1.1598	2.1059	1.0981	0.097	1.3012	3.197	5.1777	2.1654	1.2493	1.1486	0.0176	3.1744	1.2346	1.2497	3.0624	1.1311	1.171	0.0741	0.0729	0.0687
8.8514	5.4749	0.2088	1.1618	6.5239	1.0567	0.1315	0.0633	2.0935	1.142	1.0851	1.1166	1.0626	0.081	1.1668	3.243	5.4946	0.1858	3.0981	2.1874	2.1501	0.0406	0.0106	1.0936	1.0517	0.0543	0.0775	0.1167	0.0771	2.1303	1.1753	4.4065	0.1612	2.057	1.0568	1.0913	0.1129	0.0817	0.0676	4.218	0.0381	1.0735	1.0354	1.1923	2.1219	2.1524	1.2641	5.6617	1.1889	0.0751	1.0909	1.1304	2.1798	1.0602	1.0985	2.3039	1.1835	3.2544	1.1417	8.7755	0.2232	2.3079	10.7943	13.2954
0.1031	1.2259	1.0958	1.0926	3.3277	5.3517	1.1952	3.254	2.133	1.1997	2.1754	0.1984	0.1476	2.1737	4.1527	1.2095	2.1669	5.4014	1.1102	2.265	5.2625	3.289	2.2201	0.2629	0.1542	0.0534	2.1997	2.3069	1.1524	1.1673	5.1477	1.3443	1.1263	4.2274	0.3389	2.1029	0.1695	1.1741	0.1414	2.091	2.2906	0.1598	3.254	4.2291	4.2182	1.214	3.3715	2.1896	0.1143	2.2821	3.1606	2.2377	2.1636	1.2247	1.1572	2.2115	3.1933	2.1632	2.2983	4.2592	2.2524	2.219	0.2548	3.2726
0.3039	1.1293	3.2684	2.2252	4.0819	1.1475	0.0966	2.3325	4.3421	2.1434	2.2315	2.1514	2.2376	1.2004	1.2203	2.1481	1.082	2.1017	1.1067	2.1985	1.0524	0.1175	0.1023	4.3342	0.0918	0.2035	0.1224	1.0869	2.1016	2.4373	6.4981	6.4162	3.3411	3.1729	4.3045	1.2735	0.1394	1.1232	1.1704	7.296	5.3019	0.1235	1.1619	0.1613	1.1498	1.1774	1.205	0.1353	2.1582	0.1724	2.2046	1.1091	1.1763	3.1896	0.1841	3.5241	2.3563	7.2756	3.2498	0.2849	0.1559	3.2587	5.2861	1.1668
0.1608	0.0134	1.0729	2.348	3.0561	0.0	0.0063	1.1588	0.0454	0.0076	0.1329	1.3399	6.3246	1.0311	8.2718	1.6081	0.1569	1.0009	0.1107	6.1648	0.0267	0.0	0.0048	0.0544	0.0205	0.0024	1.0249	0.1136	1.1707	1.0021	0.1502	1.2326	0.1207	1.0933	0.0643	0.2654	2.1064	0.0006	1.0731	0.1137	1.1312	0.1546	0.2944	2.4763	6.2258	0.1939	16.4385	1.6593	3.2162	2.1137	0.2779	9.558	2.2496	0.0842	0.0771	2.2328	0.3475	3.1294	2.6044	20.5884	1.4699	2.3854	1.8091	7.9339
1.3411	3.2573	2.2729	1.0825	4.2127	1.2795	0.1456	0.1299	6.4012	2.3381	5.2169	2.1351	0.0479	1.0835	1.0771	0.1173	2.3232	2.2074	7.3424	0.0471	2.1926	1.0901	0.1842	2.1447	1.2042	0.2045	0.1688	0.1182	1.0992	3.1009	3.1623	0.132	4.2208	0.2626	5.3174	1.1635	3.3258	3.1589	0.2385	1.1231	1.2618	4.2202	1.149	0.0998	0.0824	1.2128	1.0765	2.0961	0.1152	0.0382	2.2005	0.0327	2.1936	0.0832	1.1298	4.0969	2.113	1.0802	0.2001	2.1147	0.0989	2.1057	0.1406	0.0731
2.3386	1.1175	2.1554	3.3725	2.1587	1.0081	0.0892	2.2477	1.161	1.0513	3.1469	0.2269	4.3389	2.176	1.1158	2.3313	2.1695	1.0207	1.2511	1.0478	0.0679	0.0011	0.0169	1.009	0.0369	0.0173	0.0823	0.077	2.1438	0.025	1.1224	3.1555	2.1793	1.133	0.0415	1.1679	0.1196	0.0317	0.0149	1.0553	1.1231	0.062	2.0589	2.0875	2.1937	1.1668	0.0362	2.1727	2.2917	2.239	2.1385	4.3718	3.1439	0.055	0.0937	2.2234	2.1501	0.107	0.0365	2.1523	2.317	2.1504	2.1607	2.424
3.1853	1.1833	4.2232	4.3299	0.1166	0.1538	0.0505	1.2838	3.1693	4.3889	2.2068	0.1909	0.1659	2.3115	3.2248	3.2255	3.2341	0.0967	2.278	2.1867	3.1363	0.0674	0.0899	2.1976	1.1261	0.1444	0.1148	1.1319	1.2184	4.2023	4.2466	3.4237	4.0953	0.1341	1.2749	2.2289	3.3053	3.1453	1.2453	6.3284	0.0913	3.2542	1.138	1.143	0.1156	1.1938	1.303	1.14	2.4006	0.129	1.1379	0.1767	2.2836	2.1218	1.1317	3.2914	3.3497	6.1954	2.17	1.2934	2.388	1.1642	4.2364	3.1637
3.248	2.2617	2.244	2.2079	4.2565	1.2758	0.1286	4.3107	1.1853	1.2903	4.2007	1.0973	1.154	3.2345	1.1482	1.2835	2.2672	7.3106	3.2064	1.2329	3.2803	1.3801	1.1207	2.3913	0.0759	1.1878	2.2321	0.1203	1.1683	5.247	1.1989	5.5624	1.1319	0.1773	1.1827	2.1861	5.31	2.205	1.2223	1.1493	1.2543	6.2064	1.3327	2.1749	0.1399	0.0996	4.2094	1.1721	3.3034	0.1367	1.1395	1.1456	1.1659	3.3115	1.1442	5.3016	2.1762	1.202	3.2029	2.2422	3.3828	2.3421	2.2709	8.6512
4.2287	0.1189	4.4997	2.1773	2.0806	1.1428	0.1618	2.1725	3.2385	1.283	4.5201	3.2362	1.1778	2.1755	2.3106	2.22	0.1161	4.186	5.2447	1.2038	4.2482	2.2235	1.1872	0.1362	0.0755	1.2547	1.2584	1.1154	2.0991	0.2329	3.1414	3.2543	3.381	1.1112	3.2441	1.3283	2.3018	3.2484	2.235	5.3019	2.5082	5.2851	5.3548	2.3367	1.2996	0.1517	5.207	0.2562	3.2982	0.1462	0.3331	3.1665	2.1866	1.2112	0.1865	1.1171	3.186	5.2642	3.2233	0.1975	2.3676	2.1503	1.2148	4.1461
1.1324	0.1259	1.2203	1.0979	2.1571	1.0867	0.2227	1.1601	2.2322	5.2199	1.2102	3.2717	2.0873	1.1779	4.2003	0.2418	1.0894	1.1444	4.2437	2.198	1.1595	1.2456	2.205	4.2277	2.2016	4.1842	3.3462	0.3073	0.2183	2.2871	1.1853	4.3007	1.1831	0.1767	5.2283	1.256	4.1525	3.2095	5.3129	1.2082	1.2531	1.3092	1.3678	4.3208	2.2318	0.257	4.3301	4.2989	0.1708	3.1785	1.2414	3.1555	1.1994	3.3496	2.3222	1.263	2.1571	3.2552	2.3266	3.2181	3.199	4.4262	1.2449	4.362
0.187	2.1731	1.1536	2.2311	2.2259	2.1791	0.099	3.2746	2.1918	1.1072	2.1359	0.2252	4.1436	2.2734	4.2012	0.2383	0.2165	2.1486	0.1766	6.211	2.1975	1.0516	0.0694	2.2099	0.0939	0.1092	0.0448	0.0868	2.3793	2.1946	5.2765	2.1942	3.1124	0.1652	2.0991	0.1687	2.1003	0.1363	0.0432	2.1626	1.0885	0.066	0.0479	3.1405	0.0704	3.2073	0.1524	3.3995	2.1505	3.2939	1.195	2.2312	2.2291	2.1798	0.1413	4.4165	2.1112	4.1993	2.1144	3.3706	2.2799	1.3372	2.2113	3.3878
4.2056	1.1345	1.1587	2.2124	0.2753	3.2054	0.1066	4.1922	1.0394	1.3243	2.1121	1.065	0.112	0.3675	2.111	2.0979	2.2201	3.1703	1.2024	1.1881	2.1993	2.3191	2.3432	6.3529	1.117	1.2718	0.2502	0.1992	2.2175	6.4063	8.5136	2.2876	1.0728	2.2411	1.1033	1.2125	2.1644	5.3395	1.245	4.5475	2.1528	5.2227	1.1015	0.2407	2.1045	1.208	2.2733	0.1518	1.2131	1.2352	2.0794	0.0516	3.1424	2.4277	0.2462	4.3312	1.2353	5.4917	4.2179	4.1822	0.1454	2.1672	2.2343	0.1108
1.0542	1.0549	2.2398	1.1371	0.0773	0.0905	0.0499	1.187	2.2371	3.2583	3.2231	5.4079	0.2448	1.2083	4.2079	3.3938	2.0844	0.084	2.1567	2.3336	3.1539	0.1181	0.07	3.1747	0.056	0.0488	0.0261	0.2233	2.2099	3.2292	4.1814	3.5579	0.0794	0.1694	6.1663	1.3015	1.142	1.1466	0.0979	6.2753	2.1268	1.1743	0.1176	1.2488	3.2607	1.2676	2.2232	4.5019	1.1318	0.0945	3.4876	4.2817	2.2892	5.1626	0.1365	2.5563	3.2913	4.179	1.2917	4.3728	4.3901	4.4408	2.5223	10.733
9.9702	2.2165	1.1844	4.3005	1.3188	3.2655	0.1284	2.1809	2.1911	3.1373	1.2526	1.0661	2.2662	2.2189	2.1662	0.018	3.1682	1.3044	3.141	1.1977	2.2038	2.2237	3.2685	2.1924	1.2022	2.3109	1.2792	2.1145	1.1718	1.1774	3.21	0.0045	4.4119	1.162	2.2381	1.1338	1.1506	4.1821	2.4009	1.1452	4.306	2.236	11.2415	3.4116	0.0687	2.0475	4.5255	0.0034	1.1438	1.144	1.0835	0.0545	4.0879	0.2072	1.1089	0.0424	1.2464	1.1946	7.4219	0.0528	0.0084	0.0025	0.014	0.0001
4.273	2.2385	5.2355	2.3434	0.207	3.3032	0.0918	2.2797	1.3785	3.3071	4.2659	4.1965	1.3018	1.245	1.2679	4.2729	2.1402	1.1116	2.3042	0.2512	2.2188	4.1955	1.1471	5.3561	1.1551	0.0546	0.1037	0.138	4.3981	2.1595	3.1372	2.3188	5.3216	2.2928	3.2733	1.206	1.2232	3.2032	0.0673	1.1823	3.3112	1.0944	1.248	1.1228	0.2462	1.0236	4.1338	1.1223	2.349	0.2307	2.3353	5.3302	2.1608	2.221	0.1291	2.179	6.2675	1.2154	1.1589	1.1112	4.2768	2.2621	1.173	2.3434
11.9226	3.5581	4.2058	2.1445	1.3598	2.3455	1.1083	2.0601	2.2278	1.25	2.1764	1.2202	0.054	1.1472	3.2266	1.1996	4.4397	1.1401	1.2604	1.1441	4.3528	4.1535	0.2545	0.1305	2.1183	1.141	2.2264	0.1398	0.0647	4.1001	2.1199	1.1331	5.3141	2.093	1.2856	2.2206	1.1733	2.2438	2.1463	1.1527	0.2344	2.1372	1.2128	2.2226	0.1818	1.1684	5.1842	1.2132	0.1472	0.0837	0.1157	0.1199	1.0985	0.1575	2.1164	4.1847	6.3069	2.1884	0.1846	4.1659	0.1229	1.1642	2.2161	1.1654
4.3561	1.1709	2.3254	2.3344	2.1535	1.0733	0.0615	1.1257	2.3516	0.073	2.2553	4.2652	4.3583	1.1158	6.2824	1.3859	0.1635	1.0226	2.119	4.2111	2.0815	0.0131	0.0667	1.1122	0.0439	0.0061	0.0944	0.1212	0.2204	2.0546	2.1367	1.2077	3.2074	0.07	2.3046	1.2198	1.0651	0.0222	0.0481	1.0645	1.1833	0.046	2.0993	1.1453	4.232	1.1737	2.1056	3.3854	2.4592	2.1504	2.2423	5.374	2.1866	2.1216	0.0961	2.3107	3.2251	2.0773	1.1618	5.3619	3.3972	1.286	1.2994	4.452
0.0085	0.084	2.0773	1.0262	0.0861	0.1306	1.0744	0.1053	1.1131	4.2924	2.1941	2.1995	0.0575	1.0378	2.1378	0.0746	1.0894	0.1715	6.2407	1.1051	1.1972	2.1939	2.2532	3.2934	1.1813	3.2962	1.3027	1.2642	0.0862	2.4458	3.4077	6.226	2.0562	1.0978	1.3049	2.2151	3.1936	4.3532	0.3911	5.3475	3.139	4.2546	2.2265	3.4104	0.1235	4.2234	1.4799	2.2935	0.0868	0.0431	0.1784	0.0489	4.1295	2.2392	3.3257	2.3144	1.2903	1.4421	7.3156	1.2713	0.0955	4.2612	4.2997	2.1692
3.3585	3.1169	1.242	3.5111	2.2011	0.1271	0.0926	3.1402	1.3145	2.1932	4.2228	2.1739	6.3086	1.1316	2.4413	3.4069	4.2989	2.125	2.1859	1.2956	2.1826	1.0443	0.0993	1.1002	0.1634	0.0205	0.1231	0.0668	1.2265	1.1247	4.1258	1.0856	2.2192	0.1314	4.2728	3.2345	1.189	1.1248	0.0804	2.1655	3.1404	2.2266	1.1793	1.2333	1.2478	3.1568	3.1421	0.2319	1.3504	0.2295	2.2464	5.2469	4.3296	2.1309	0.1047	1.1576	5.2636	1.1863	2.2858	4.3051	0.2774	2.2845	3.3414	4.3363
1.0762	1.1491	1.2497	2.2394	3.1839	0.1389	0.1838	1.2069	5.3004	3.2208	2.2507	3.2414	0.0847	4.2907	3.272	1.2107	3.1942	1.2095	6.2396	1.2549	1.157	0.065	1.1162	2.1276	1.2333	1.1661	0.1279	0.2034	1.1648	1.1878	4.2774	4.3424	0.2843	2.2778	6.3091	4.234	5.3032	1.1129	0.1666	1.2404	4.2348	1.2371	0.2076	2.1644	0.1005	3.2951	2.1864	1.2238	1.2023	0.0771	0.2571	1.1288	2.2497	3.132	1.2504	5.312	3.4107	2.199	5.2739	1.1955	1.3311	3.1365	2.3491	4.3078
3.1477	2.1968	1.2354	1.2002	3.1436	0.1013	0.1648	4.1688	0.2218	2.2356	3.1899	6.2723	1.2589	0.0941	2.2498	0.195	0.1363	2.0459	4.2929	2.1531	1.0991	0.0451	0.0742	1.1607	0.0453	0.1121	0.155	0.1798	3.2112	3.1282	2.3879	4.2744	2.1838	1.2399	1.1128	0.1842	2.1616	1.1121	0.0531	3.2113	1.2054	1.069	1.1422	4.3478	3.3009	1.3281	6.2614	5.6134	2.3246	2.1491	5.305	0.2602	2.2243	2.1637	0.197	4.3938	3.2477	2.1642	3.2734	5.635	2.2721	4.4317	3.4126	5.5403
3.3287	2.053	4.499	0.1477	3.1755	1.1669	0.158	3.1586	2.3997	2.1882	6.3687	1.3091	1.1371	0.1622	2.132	1.1423	1.1819	3.1684	2.1701	1.1369	1.1516	1.1502	1.1393	2.1166	1.1198	0.0984	1.1672	0.0866	2.1275	1.1174	1.2212	3.2361	4.3215	0.2904	1.3988	2.0853	1.1968	2.1479	1.08	1.2331	4.3575	3.1476	2.3537	5.3754	5.1625	1.1081	4.3884	1.4076	1.1894	2.1403	4.1975	1.2039	2.1074	1.0859	0.0945	1.1939	0.2267	0.1246	4.3116	5.3562	1.3668	2.094	2.3014	3.2241
2.0828	0.1499	1.2035	2.0711	1.0358	2.1873	0.0782	1.2814	2.186	2.1337	3.2234	2.1864	0.0416	2.1685	1.2069	2.3009	0.0123	0.0903	3.1403	2.1626	2.1329	2.1329	0.1708	4.2061	0.0939	0.1082	0.1177	0.1727	0.1795	2.1839	4.3902	5.4364	3.329	4.2211	4.2785	1.2725	0.0565	0.2354	0.0711	3.1747	5.4768	0.0849	2.4127	2.1216	0.1164	1.2219	5.2729	1.1374	0.0857	0.1205	1.1504	0.2044	2.1369	4.0859	0.1724	3.5006	5.3546	1.2109	5.4042	3.2764	1.1791	3.2744	4.4614	4.3645
2.2206	0.0768	2.3174	3.2491	0.129	2.1347	1.062	0.1583	5.3717	3.1225	3.3491	3.3761	0.3512	1.045	3.2225	3.3388	0.0585	1.0467	2.183	0.1114	1.0828	1.006	0.1459	3.088	0.1354	0.0369	0.14	1.0812	3.1556	0.0079	2.1827	0.1309	3.2771	1.1299	5.4374	1.3178	2.1001	1.0816	0.1102	0.0936	4.2888	0.0837	2.2612	2.3202	4.2884	2.0588	3.3193	3.4065	2.3069	1.2293	6.3224	3.2799	0.0798	1.0996	0.0726	2.1198	1.4175	0.0985	3.2792	5.2369	5.3382	0.2162	1.3341	3.2689
0.0462	1.1011	1.1373	0.0795	0.1462	1.1271	0.1297	3.1556	4.1598	2.2098	3.1664	2.244	0.0816	2.1085	0.1199	0.1492	1.1128	0.1183	5.2787	0.0535	3.1301	2.0546	0.2439	1.1493	0.1752	0.1063	0.2705	0.1314	0.1252	3.1772	4.3631	5.2406	1.1659	2.2236	5.2135	1.2314	2.1266	2.2269	0.1139	1.2511	3.2393	0.189	6.302	4.5256	1.0896	3.1891	2.3422	3.471	0.0391	1.1155	0.1504	1.0947	1.1598	1.1513	0.1933	7.2884	2.2599	3.213	4.6037	4.3	1.1026	0.2394	7.5732	3.4558
1.0904	2.0692	2.2514	0.1574	0.0675	1.0417	0.0648	1.2787	3.2266	2.2125	7.3983	3.4583	2.0638	2.0383	1.2982	0.2531	1.1478	0.1521	5.2867	5.094	0.1295	0.0419	0.088	3.0748	0.13	0.0985	0.2784	0.0564	0.257	2.1228	3.2795	2.1476	2.1438	0.0954	3.4828	0.2175	6.2454	1.1292	0.2044	2.2445	2.303	2.3165	6.6113	6.5344	1.3452	3.3874	7.3363	3.2798	1.1953	0.1541	5.2992	0.1896	5.197	1.1153	0.2036	2.2297	0.2425	4.1918	3.4773	5.3251	3.1729	1.1906	1.3195	1.1356
0.241	2.1239	1.163	0.0513	4.2573	0.0501	0.089	0.0815	1.1931	1.1771	3.2409	2.1357	1.0848	1.1763	3.1403	2.1651	3.1002	0.184	2.1996	2.0686	0.0433	0.0133	0.0176	1.0709	0.0502	0.0425	0.182	0.1574	2.0287	0.1506	4.2783	3.3471	0.2096	2.1164	3.2879	3.1797	2.1794	0.0603	0.1721	3.2119	5.274	3.2149	3.4268	2.359	0.1692	1.1817	5.4401	2.2067	0.0252	0.0356	2.1485	1.177	1.0655	1.021	0.1534	5.436	2.3369	1.1893	7.5026	4.3462	0.099	5.1314	2.5401	2.5076
4.2339	1.146	0.0452	3.3887	0.0687	1.144	2.1174	5.3052	3.0851	0.1452	1.0595	0.1322	1.1254	1.2551	0.2814	3.3097	2.1368	1.1474	1.0872	0.1614	0.137	0.1935	0.1239	6.2314	1.1362	1.1362	0.155	1.157	2.2239	5.3674	6.2561	3.4621	1.201	3.1661	2.1208	2.1867	1.0311	1.1867	0.0743	1.3249	2.1446	1.1071	0.0662	1.1251	1.1162	3.1866	2.1267	0.1934	1.242	3.1697	1.1092	0.2308	2.2531	4.2366	1.2106	4.5022	2.3084	1.235	3.1454	4.2068	1.2858	3.4444	2.2342	5.3793
1.2427	2.1347	4.4535	1.2104	2.3058	1.0504	0.1045	1.0994	5.4775	3.203	3.4203	1.295	2.1437	0.1358	8.2444	1.2996	4.2747	0.1232	3.289	2.1309	1.09	0.0166	0.026	0.0806	0.1323	0.0726	0.0963	0.057	1.1966	2.095	2.2083	3.1589	2.3932	2.2238	3.4696	5.2972	5.249	0.0401	0.1821	2.1603	5.4241	2.1609	3.2343	0.1721	2.1097	1.0838	0.3797	2.2131	1.143	0.0785	2.2456	3.237	1.1716	0.0868	0.0456	5.2561	2.3724	2.1951	4.2621	5.3237	1.252	2.1642	3.3208	0.3727
0.0918	0.0765	1.0423	2.1588	0.0645	1.1256	0.0098	2.1451	1.1408	0.0818	4.1641	0.1665	2.163	1.2399	1.1654	5.4362	0.0443	1.1028	0.044	4.204	2.0784	1.2233	0.0323	2.1289	0.0093	0.0334	0.043	0.0578	2.1445	2.2257	2.1178	3.5016	2.1213	1.0664	2.177	1.2183	0.0856	1.0965	0.0018	2.1809	2.2796	2.1114	2.3341	3.2034	0.1491	0.0526	4.2133	0.2113	1.1125	1.1014	1.1937	2.4063	4.2631	2.0877	0.0996	3.5456	3.153	1.1382	3.3176	1.1622	1.3742	6.5119	1.2635	9.6443
7.6465	2.2373	5.3516	1.3052	1.1365	1.1087	1.0643	2.2126	4.3152	1.1315	2.2138	3.382	1.2748	0.0277	2.1907	1.2473	1.1437	0.1819	2.1793	0.0686	2.1103	1.0528	0.0851	0.0559	0.0899	0.0346	0.0665	1.0382	4.2278	1.0897	0.0883	3.194	3.2565	1.0462	1.171	0.1513	0.1375	0.0611	0.0282	3.0973	0.0845	1.0595	2.1357	3.1931	2.2943	1.1259	2.2229	4.3719	4.4921	2.0532	2.3558	3.2193	0.1697	1.0602	0.0514	3.2341	1.1267	1.0371	3.2377	1.3596	4.3145	2.2105	2.2877	4.5106
1.2079	1.1709	2.3038	3.2202	4.2361	1.1608	1.1652	2.1897	2.271	2.2785	2.1828	4.3196	1.3197	1.2403	4.2808	3.2941	2.2897	4.1675	6.3573	3.4641	6.3925	2.221	0.2289	1.2167	0.084	1.1685	0.0927	1.2602	1.1667	5.2999	1.2248	1.1188	2.1758	2.1698	1.0852	2.291	2.2994	3.3693	0.1	3.1697	2.149	3.1323	0.1215	0.167	0.11	1.2986	5.1546	2.298	2.2305	1.2258	1.2707	1.1636	3.3478	3.3387	1.1099	2.2762	3.2168	2.3804	3.179	3.1379	2.2505	3.2499	1.2107	2.166
1.4224	2.1764	2.1744	2.2903	3.1299	1.0795	0.0647	2.2602	4.2131	0.0688	1.1792	2.0977	4.3015	1.1558	0.1319	3.3774	0.2115	2.0771	1.0777	4.1352	0.0957	0.0118	0.0423	1.0751	1.1135	0.0832	0.0974	2.1218	0.2611	0.2103	3.2479	5.2649	3.1977	1.1659	3.1712	0.1417	2.0916	0.0724	0.0801	0.211	0.126	0.1085	1.0914	2.1938	1.1142	5.1668	2.1829	2.3717	3.2488	1.1316	1.1354	2.4164	3.2386	0.0654	2.1796	5.3855	2.2268	2.1942	1.1449	4.3654	2.298	4.3755	4.3563	8.0072
4.4896	0.2214	4.415	3.2642	4.2434	1.0749	0.1121	2.2295	4.26	3.1567	1.2599	0.1813	3.2429	1.1108	2.1851	2.3701	2.3177	5.0863	1.2103	3.2235	1.1614	0.0413	0.0419	0.1241	0.1095	0.067	0.0491	0.0623	1.1523	1.0965	3.1874	2.2222	2.29	1.1359	3.1041	0.2155	3.1696	0.086	0.0792	2.1176	2.1767	0.0934	1.0248	2.1289	1.1426	2.1504	1.1198	2.2922	3.2899	0.1179	0.1576	2.1978	3.2333	0.1103	0.0568	3.1754	1.3016	2.1354	3.1666	4.3323	0.2255	2.2181	4.4422	6.5941
2.0893	1.1798	3.2059	1.2204	2.1607	0.0953	1.13	4.192	1.1542	1.2362	1.2266	6.3499	1.1735	0.2453	4.2243	0.2871	2.1445	3.095	4.2559	2.377	2.1234	2.0681	0.1125	0.1782	0.1622	0.1511	1.0899	0.2369	2.1819	0.1082	5.2426	2.3043	1.2329	2.1804	1.1341	0.1809	2.3194	1.2122	0.1346	3.2375	2.1734	2.2362	1.1308	1.1177	2.2532	5.2016	4.2435	2.2482	2.2218	1.1056	1.3283	2.1564	4.2142	1.0905	0.2194	2.2302	1.2317	3.2634	3.2092	6.2898	1.2036	2.1991	0.2889	3.2431
0.1095	0.094	4.2207	0.0839	2.1554	0.0402	0.0958	1.1252	3.1952	2.3949	5.3935	2.2357	0.0475	0.2037	3.1031	2.209	3.0831	1.1052	3.3287	1.1285	0.0736	0.0188	0.0199	2.1261	0.0787	0.1026	0.0923	0.0536	1.2629	1.0628	2.1805	4.2133	0.2056	2.0956	2.2639	3.2002	4.2357	2.0537	0.1676	3.3306	2.2283	3.1608	4.2594	2.3783	0.1647	1.0809	2.324	1.282	1.1083	0.1185	3.3999	1.1524	2.1336	0.1188	0.0699	2.1785	2.2607	4.1464	2.3124	0.2068	4.2585	1.1034	2.3435	5.3878
2.2523	3.175	2.3072	2.3435	4.3538	1.0944	1.1111	0.1733	2.3889	1.0923	4.2264	3.4115	1.2336	3.1828	4.2807	3.469	3.31	1.1932	4.2356	2.2075	2.1088	0.0608	0.0353	2.1304	2.1695	0.082	0.0813	0.0738	1.1414	1.2349	1.1095	4.2592	3.2912	1.2033	2.2904	6.2731	1.1473	2.0997	0.0922	3.2258	2.1558	2.0898	0.1495	2.2525	2.2405	0.1601	1.4512	3.2539	1.2218	1.1611	2.2238	1.334	2.2909	1.1605	1.1082	2.27	6.3384	3.3239	2.1716	1.3606	1.3224	3.3029	6.3546	5.3626
1.085	1.0696	2.1825	2.279	0.0368	2.0919	0.0115	0.1679	1.2817	0.0653	4.2907	2.2089	3.2083	0.183	3.1333	3.4315	1.062	1.0346	1.0697	1.1542	0.0691	0.0854	0.0517	3.0875	0.0203	0.001	0.034	0.0254	1.1275	2.0576	1.0579	1.251	1.1615	0.0905	3.2494	2.1993	1.1248	0.042	0.0127	0.1327	3.2505	1.189	9.8268	2.2371	1.2319	3.0903	1.14	1.1895	2.2481	0.1142	1.2248	4.3158	3.0897	1.0914	0.0646	2.1657	2.1326	0.0627	2.3373	2.1804	2.3342	1.0962	2.4329	13.1663
1.0253	2.0871	1.1694	0.0599	0.186	3.3136	0.1317	2.1576	2.0585	3.2798	1.1738	2.0479	0.0628	1.0845	0.2269	2.097	3.1821	3.398	4.2249	2.2808	6.3976	7.5713	2.3264	3.531	0.1202	3.4201	2.3316	0.3035	0.1251	2.2911	8.4082	1.2579	0.1288	0.1426	2.1212	0.0288	4.3462	6.487	3.5302	3.3243	0.1942	7.5105	5.5685	0.0903	0.055	3.2291	2.1568	1.1232	0.0478	0.1568	1.0701	0.0096	2.1897	2.4524	0.205	3.0694	1.1134	3.4844	4.3075	4.1157	1.0408	1.2988	2.1949	1.0882
0.0377	0.1435	5.175	0.0773	0.207	3.2616	0.0758	1.1019	3.1186	3.189	2.4686	4.3183	0.0299	1.0714	1.2634	1.1909	2.1504	1.202	5.4149	2.1734	6.301	4.2688	0.1822	1.1484	0.117	0.111	0.1638	0.1553	0.0675	0.2943	2.2119	5.2234	3.1603	3.1756	2.3574	1.1722	2.1017	0.1519	0.1127	3.2656	2.3673	2.2263	6.4156	4.4228	0.1363	1.2386	5.3943	3.3923	0.0846	0.0973	0.1477	0.1326	2.2861	4.1744	0.1765	2.2803	4.2626	1.1762	6.4282	1.2932	0.1854	5.2855	4.3354	4.2915
4.4373	3.2441	2.4461	3.3447	6.2716	0.1261	1.1926	2.186	5.542	3.1193	1.2654	4.2813	1.2492	1.124	4.3488	0.1603	2.2636	4.136	5.173	1.2278	0.1717	0.0392	0.0748	0.1016	0.1585	0.1567	0.0926	1.1301	0.1789	2.1674	4.1444	1.0594	5.5046	1.2592	4.3341	2.1974	4.1576	0.1029	0.1635	3.109	2.2616	0.1314	0.0739	0.1286	1.229	1.1358	3.246	2.1281	1.357	0.1375	2.2557	0.0692	3.2252	0.095	0.1067	2.1101	5.3488	4.1294	1.1646	2.199	1.1553	1.0898	1.1028	0.069
12.9051	4.3384	1.3566	4.4526	1.388	1.1162	0.0704	5.2567	2.2347	2.1393	2.1731	1.2243	3.5497	1.1616	3.2524	2.2135	2.4677	2.119	2.094	1.2445	2.2746	2.0147	0.0256	1.142	0.0955	0.0099	0.0434	0.0292	3.3965	1.0314	1.0546	2.1189	1.1971	0.1186	1.135	2.1819	3.1308	1.1278	0.0439	1.0999	1.1228	1.111	1.0303	1.1124	2.2218	0.0145	1.1032	1.1832	7.6509	1.2551	3.1857	2.3095	1.1268	1.1858	0.0381	0.1026	1.1779	2.1155	1.1297	2.1567	5.2815	0.1925	1.0843	1.1299
2.5655	5.5105	1.1868	1.1312	9.6029	3.5438	0.0876	2.3188	2.1714	5.2298	3.1325	1.2241	2.1656	1.1464	0.0528	0.0963	5.6096	7.5404	2.2066	0.1698	3.5798	3.2696	0.086	5.2326	0.0819	0.0874	0.0449	0.0186	4.3408	1.1544	1.1012	2.167	0.0887	0.1143	4.2045	0.0464	1.1744	4.1429	0.0439	1.1837	1.0988	0.0905	0.1929	2.1591	2.0951	0.1017	2.1907	1.1205	2.1291	2.3786	4.1167	2.1323	1.163	1.2196	0.0149	0.063	1.0986	1.1119	0.1707	2.1063	1.112	1.1237	1.0999	1.1058
0.0651	2.1143	0.0671	1.1185	2.1616	2.1554	0.0778	1.2069	0.0784	1.0682	1.1218	1.181	1.099	2.0797	3.2904	2.2729	1.0747	2.1845	2.0362	1.11	1.1154	1.1907	0.0765	5.3342	0.0742	0.1322	0.0402	0.078	0.1606	2.3155	5.1433	3.4355	1.1053	0.0625	2.2129	3.2154	1.035	3.0762	0.0957	1.2148	2.1838	1.0132	0.2258	4.3229	1.2394	0.0654	3.4684	4.359	1.0778	1.2261	0.1745	2.2171	2.1363	1.2938	0.1164	3.2966	4.2768	3.2246	6.375	3.5502	2.1646	2.378	5.5425	4.3318
1.0696	1.1078	2.2417	2.1164	0.1033	2.1648	0.1396	3.2824	2.2234	3.2355	3.4129	1.1673	1.0959	1.1879	4.2824	0.1118	2.0339	1.2525	1.1663	1.1145	0.1438	2.3225	1.1782	4.4402	1.0757	0.1793	1.2186	0.115	4.2019	8.515	5.3012	3.4604	3.2617	0.1463	4.4205	2.2684	2.1688	1.2865	0.162	7.2983	3.4349	4.315	6.3517	1.3759	2.2468	1.1689	3.392	0.1398	0.1731	3.1885	3.248	1.1784	3.2018	2.3187	1.1587	6.4652	3.3287	3.184	4.4341	3.2378	0.2462	2.2918	1.1755	1.1933
3.5014	1.2217	2.3231	3.2967	1.3224	1.2298	0.1861	4.1659	5.3285	7.3282	2.2901	0.1829	5.2731	1.1811	2.2676	0.0921	3.3169	2.3575	4.2318	3.2423	5.2654	4.3429	0.1499	1.4043	0.1694	0.2106	1.109	0.1345	1.2461	4.2972	5.1971	2.3051	0.1999	2.1938	6.2468	1.1875	4.2352	3.3147	1.1292	3.2949	2.1571	1.2006	0.145	2.1701	0.1843	1.1423	0.1695	3.2269	3.325	1.1343	2.3342	1.0937	2.3234	2.2686	0.141	5.1754	2.1727	3.2526	2.1371	2.2827	1.18	2.2741	2.1754	3.3703
0.0533	0.0684	3.1592	0.1326	1.0922	1.1584	1.203	2.1178	2.1423	2.334	3.2643	6.3765	2.0806	1.2037	1.2154	0.241	0.1052	3.189	6.2706	1.1914	3.2578	2.3572	1.275	3.2664	0.2441	2.2519	0.2337	2.2361	0.1526	4.381	6.2441	2.3108	2.068	0.16	2.3868	1.1569	3.1717	2.3503	1.1903	3.3494	2.1985	2.2604	2.1835	1.2641	3.1916	5.3487	4.2241	2.4117	1.1866	2.1463	2.2836	2.2577	3.2361	4.2894	1.3026	4.3576	2.2033	3.2	2.2255	4.2697	2.4564	2.2444	0.2562	5.3683
1.0379	0.0551	2.1047	1.2005	0.078	1.0327	0.0527	2.1291	1.1138	1.0995	4.3211	6.4285	1.17	0.3214	1.1453	4.4346	1.0733	2.1086	3.1021	1.2349	3.108	1.1285	1.0858	1.1423	0.0343	0.0168	0.0978	1.2905	0.0768	0.1521	2.243	4.3177	0.1177	0.0541	4.3554	3.2912	0.0281	0.0483	0.0615	3.1051	5.3721	0.0981	5.7906	6.5063	2.3572	0.3183	6.537	7.6166	2.1676	1.1184	3.3946	1.386	4.3221	4.2722	0.2394	1.473	1.2571	2.0304	7.5012	2.6019	4.4524	9.5336	2.3731	8.632
0.0578	0.0129	1.1973	0.0391	1.0644	1.0616	0.0952	0.0973	3.1959	3.1264	4.506	4.2908	0.0417	0.0588	1.2722	1.0371	0.0557	0.0734	3.1872	2.077	0.0935	3.1772	0.2452	7.3453	0.0849	0.1594	0.2133	0.2104	2.1257	3.3606	6.517	3.3704	1.0999	1.1612	8.4797	0.2458	4.118	1.2638	1.1922	3.3818	4.4077	3.3428	5.9452	5.5097	0.0983	3.3767	10.4854	1.4017	0.029	1.0721	1.1748	0.0493	0.1179	5.3591	0.1793	4.55	3.2365	3.3876	8.5978	5.3511	0.0596	3.4199	2.327	2.2513
1.2337	4.2572	3.2099	0.085	1.284	2.1103	3.3613	2.1847	2.4206	2.2252	4.2454	3.263	0.1421	2.1298	1.1047	0.1411	2.115	1.2095	4.2973	0.149	1.0766	0.0462	1.2247	1.0786	5.2859	0.0717	2.3372	1.2683	1.1302	3.1472	2.1992	2.2075	5.2939	1.305	3.4224	2.1529	2.1787	0.102	1.1539	1.1625	2.2475	1.1931	2.1658	3.2979	3.1717	3.3273	2.2387	2.2427	0.1459	2.1283	1.206	1.1291	2.2315	1.1249	3.2124	4.2554	3.2877	1.1311	0.1754	3.1472	0.168	2.2208	2.2026	1.1827
1.2003	0.0393	2.2803	1.1209	1.0389	1.145	0.0773	1.1401	5.3653	2.2133	4.242	1.2894	0.0895	0.1322	5.2722	2.1986	0.0729	1.1204	3.1922	2.1194	2.1806	4.1308	0.197	2.1691	0.1528	0.105	0.1755	1.2671	1.1082	0.1442	8.3408	1.3058	2.3313	1.0961	5.4488	3.2496	1.1734	2.1836	0.2575	4.2948	3.326	3.2179	1.2909	3.3086	3.2397	4.2552	2.5411	3.3129	1.0294	1.1451	2.2708	1.1971	2.1053	1.2179	0.1584	3.2496	3.2619	2.3765	6.4847	7.4424	1.1884	2.2066	3.4244	1.3008
0.1884	2.2227	4.1675	1.1197	1.1001	2.237	1.2678	4.2361	4.3393	2.2828	4.1884	3.2826	0.1191	1.237	0.1142	0.0952	2.1318	1.16	5.3505	0.1006	1.2651	3.3392	2.2909	4.1898	0.3088	1.2521	1.2329	1.217	1.2423	5.3916	6.358	3.1506	4.2149	3.3397	2.2867	0.2582	4.1735	3.2133	0.3326	2.3954	1.2451	2.2586	1.0899	3.1273	3.1868	3.2654	2.1971	0.1511	1.1716	2.1607	1.2287	0.0671	2.2036	2.3373	1.2047	5.3186	4.2122	4.3119	1.1703	1.1338	0.0794	1.1615	2.1589	0.1503
3.3181	2.1765	1.1971	2.1822	2.2123	0.1101	0.1189	2.122	2.2268	2.1118	1.1464	1.104	0.1318	2.1549	2.1885	2.2255	1.0693	1.1154	2.177	3.1751	2.058	0.1296	4.1975	1.2525	0.0802	1.3073	1.2276	4.2593	2.1802	1.3186	4.2366	2.3383	2.3056	0.1683	2.0638	0.1238	3.1586	3.185	0.3431	4.2516	1.1574	1.2827	1.0856	2.156	1.1603	3.2787	4.2003	1.2257	2.1814	1.1035	2.1701	1.1747	0.1677	4.2301	2.2748	2.4475	1.2047	6.2509	2.2223	2.3408	2.1176	2.3724	1.3482	6.4722
1.0091	0.125	3.1818	0.0378	2.0587	0.2275	0.1792	0.0717	1.0473	5.4521	3.354	1.0593	0.0054	1.1307	1.0809	1.0461	2.1967	1.1798	4.3458	1.1414	2.3312	4.3076	4.4003	2.2997	1.2599	5.5935	6.428	0.3388	2.0719	2.2813	3.3549	2.1153	1.124	1.2425	2.2997	1.0498	4.3808	5.5357	6.7593	7.2975	2.2058	10.5706	2.6263	3.39	0.0898	1.2354	3.3968	2.362	0.0309	0.0379	1.1094	1.0341	0.0994	4.2692	2.2365	0.1499	1.2056	1.3526	6.3546	2.2914	0.0452	2.1074	3.3712	2.149
3.1054	2.1901	2.2125	0.1413	1.2151	3.2795	1.1587	2.2476	1.1374	2.3061	3.3285	7.2475	0.1185	1.2227	0.1424	0.131	2.0918	3.3502	4.2546	0.1206	5.2287	2.3674	0.164	3.3333	0.1226	2.1911	0.1718	1.1289	0.2204	3.2541	3.2368	4.2747	2.3285	0.1294	4.2706	0.1947	1.2129	3.1538	2.1457	1.192	4.4639	1.1208	5.4307	1.298	2.1414	3.2168	2.3106	3.1923	0.1226	2.2289	3.2643	1.1512	3.2475	2.341	0.1485	4.2159	1.2156	2.1191	3.3826	1.1803	4.2056	2.2679	2.1803	1.2167
0.1449	2.1276	4.233	0.0256	1.1014	2.3595	2.3088	3.0936	2.3229	3.3039	4.3945	0.0795	0.0146	0.0853	1.1052	0.0054	1.068	3.2218	3.2595	0.0863	2.206	9.0135	6.7928	4.3667	2.1829	4.7756	5.6229	1.1572	0.1037	6.4957	3.2483	2.0877	5.2847	2.4125	2.5236	1.0982	3.2228	6.5605	2.4271	4.3877	5.5977	6.4143	8.5208	1.209	1.0595	1.1812	0.1671	0.0691	0.0352	1.0952	0.0961	0.0045	1.1055	4.441	2.2078	1.1301	1.1823	2.1502	2.1908	0.0127	0.0361	1.1119	1.0142	0.007
7.6334	3.2898	3.2487	5.6976	1.2698	2.1619	0.1548	3.3295	4.4919	3.1469	0.0582	2.2557	3.4586	2.4066	6.3308	3.3898	6.215	0.2808	2.2626	0.1856	1.1463	0.0568	0.0893	3.136	0.2302	0.0904	0.0558	0.1123	2.3203	3.0751	6.2317	2.2579	4.6464	2.1471	2.1553	6.2838	2.2054	0.0629	0.1295	3.1838	1.1554	1.1238	2.0864	0.1581	0.2614	3.1618	0.3054	3.2315	1.3759	1.2062	2.2902	3.4266	4.3235	2.1545	0.1395	4.2843	9.3553	1.2192	2.3076	4.4335	2.2585	2.257	5.4497	2.4108
5.3409	1.2849	3.3135	1.3031	5.2565	0.1291	0.1851	2.3012	2.2706	5.2215	2.2407	4.3895	1.2236	2.2963	3.2572	3.3912	1.1724	1.1341	4.2505	6.2672	1.1048	1.0087	0.0695	0.1571	1.1621	0.1096	0.1366	0.1866	0.2572	2.0954	5.2786	2.3365	3.3457	2.2145	5.3204	1.2792	4.1687	0.0529	0.1874	3.2302	1.2854	1.1387	0.1752	2.1709	2.2508	2.1511	5.2664	2.3236	1.3239	3.2299	1.2229	1.3248	2.2936	1.1494	1.1543	4.28	6.3434	1.1639	2.2856	5.3071	3.371	2.3345	2.3448	6.5285
2.0828	1.2044	3.2137	2.0662	1.083	0.1241	0.1301	0.1376	1.0891	4.2853	1.123	0.1346	0.0731	1.0525	1.2178	2.0896	2.2459	0.1139	1.094	0.034	1.1948	4.2295	1.0471	3.2605	0.0518	0.0814	0.0634	2.1404	2.2001	1.1643	2.1584	2.1904	2.1257	0.041	1.1445	1.1508	1.1775	4.1621	1.1084	3.2293	1.1157	1.1105	12.1777	1.2711	0.1701	0.102	2.2919	3.1998	2.1283	0.109	1.145	0.1417	0.0779	1.2171	0.0492	1.1207	2.2225	4.1999	2.3078	2.2248	2.1233	0.1286	5.2382	1.1827
2.154	1.2969	1.2429	1.1843	2.3033	6.3128	1.2264	3.3085	3.2001	1.2559	3.2982	2.1701	3.2894	1.1419	2.2183	2.2638	0.173	7.3655	2.2759	3.1506	3.2173	1.5279	2.3238	4.228	1.1873	1.2743	2.3847	1.0682	2.2347	3.2018	3.2661	1.2162	1.2628	0.2284	4.1935	3.2454	4.1905	3.2304	2.2605	1.1947	1.3426	5.2927	3.3469	2.2597	2.1883	0.1727	4.2388	0.115	2.2872	4.2355	2.213	1.3304	3.1642	0.1686	0.1042	1.1762	3.2001	3.1895	3.248	1.2185	2.3525	0.1016	1.1411	4.2673
0.0	0.0021	0.0018	0.0001	0.0198	4.2897	0.1416	0.084	0.0046	2.1051	2.1426	0.0278	0.0022	0.0205	0.0032	0.0026	0.0036	3.3565	2.0742	0.0235	3.2253	13.1002	6.6303	7.4782	0.1833	4.99	10.5128	1.2025	0.0607	10.6911	4.1908	0.2157	0.0001	1.1043	2.2525	0.0047	2.1104	6.3972	9.8028	1.3894	2.1686	9.3238	4.1148	1.1799	0.0016	1.1503	1.2135	2.1644	0.0003	0.0721	0.0028	0.0001	0.1026	6.5561	0.2946	5.1619	1.0163	3.2768	1.1852	2.1191	0.0107	0.1892	2.1832	0.1043
2.0951	0.1793	3.157	1.2346	1.0663	2.2368	0.0579	0.1039	3.2047	0.1639	4.2351	4.3001	1.1068	2.2266	0.0997	1.1492	2.1525	1.0888	3.3639	1.0793	2.2565	4.3411	0.3018	4.3113	0.0553	0.0677	1.3653	0.2305	1.2017	9.3007	4.2704	1.3522	1.1909	1.1062	4.1878	1.1727	1.1673	0.1629	0.0784	1.2381	1.2202	2.2695	5.3653	4.4132	1.1317	5.402	4.1898	2.458	1.1491	1.1297	1.195	1.1089	3.1966	4.4726	1.2807	10.4798	2.0748	0.1445	2.3025	4.2283	1.1671	3.5683	0.1902	3.4145
1.1605	5.0785	2.1965	1.171	1.2894	2.1516	0.1823	5.3109	0.1484	3.197	2.2484	2.1499	1.1347	1.1333	1.2914	0.1129	4.1824	2.2896	1.2251	2.2047	4.2176	1.3574	1.1365	3.3054	0.1804	1.0888	0.175	0.0568	1.2678	4.3361	4.2755	3.1536	4.2008	0.3692	3.2128	0.1952	3.2116	2.1806	0.0641	1.1998	4.2837	1.2415	3.373	4.3107	0.0707	1.1111	4.4262	2.1899	1.1908	1.1971	1.1093	0.1016	1.2348	3.2012	0.0892	3.1687	3.3624	1.1284	7.4098	1.2803	1.1527	1.1229	3.1781	0.0973
5.6491	4.453	3.3996	1.2223	7.5624	1.1155	0.1785	2.1934	2.4276	2.2913	4.2378	3.2047	2.2377	1.2653	4.1548	1.1483	4.3009	1.2081	4.4015	5.2187	2.1584	2.0786	0.0861	1.1436	0.1701	0.1143	1.1529	0.1035	3.1779	0.1379	2.2741	2.2159	2.414	4.1951	2.2667	1.2269	3.29	0.1403	0.1578	4.2043	4.2974	1.1696	2.1512	0.128	1.1908	3.1305	2.225	1.218	2.2892	0.1508	3.1239	1.1422	2.1055	2.1323	1.157	0.265	3.2094	4.2167	0.2055	4.3279	0.1162	1.1432	3.3228	2.2155
3.26	2.1667	3.4422	2.0665	0.1464	3.3247	1.2108	0.1408	5.4436	3.1696	6.514	0.2094	0.0263	2.1924	1.1135	1.0998	2.1159	0.3277	3.2107	2.1697	3.3136	5.3981	2.3086	3.1755	0.3079	1.238	2.1642	0.0983	2.1411	2.2588	4.1747	2.3331	5.4699	1.153	7.6051	0.111	1.1837	2.2193	0.1519	4.2249	6.4487	2.1692	2.4079	2.178	0.1543	2.1877	0.1333	1.1194	0.1304	1.172	1.0786	0.061	3.1849	3.2537	0.1434	3.37	2.1702	1.1977	2.0926	1.0617	0.133	3.3084	1.1165	6.5584
1.092	2.0985	2.2224	1.1261	0.0408	1.2164	0.0921	3.1955	2.2437	2.185	4.2777	0.0561	1.0333	0.1842	0.0864	1.1253	1.0993	1.1737	1.1556	0.0676	0.1311	4.7797	8.5085	8.41	2.3485	2.5609	5.4024	3.2605	2.0794	3.6798	4.5087	5.2433	3.2727	1.2514	3.25	1.2155	3.2226	5.3518	3.4911	2.4101	4.2462	5.3356	1.2348	0.2359	0.1168	4.2898	2.1636	1.173	1.075	0.0211	2.1345	0.02	0.1018	9.4281	1.5111	1.4575	0.1512	4.4011	1.2143	4.1725	0.0212	4.3375	3.184	0.1742
1.0591	1.044	2.2647	0.0025	0.0758	2.2279	1.0869	0.0719	2.1867	2.1202	4.4642	1.0572	0.0072	0.0542	0.0193	0.0001	2.1622	2.275	2.1684	0.0333	3.2536	7.691	1.2291	3.3628	0.1682	1.2088	2.1172	1.0722	0.066	3.3854	1.0477	1.057	1.0972	0.0891	5.4347	0.0437	1.1836	2.2819	1.1697	2.0329	4.295	2.1612	4.5114	0.0692	0.0531	2.0943	0.0556	0.001	0.0546	0.0545	0.0229	0.0013	2.1262	3.294	1.0818	0.0836	0.0248	1.0381	0.0569	0.003	0.007	1.051	0.0003	0.0102
4.1341	1.1913	2.2044	2.2651	1.1863	1.1414	0.0379	1.1404	1.0796	1.194	3.3065	2.1687	1.1736	2.1904	1.2168	3.2483	2.2289	1.1776	4.1927	3.2335	4.1771	3.1264	0.0736	2.3295	0.0592	0.123	0.1536	0.0712	1.1432	0.2083	2.1638	2.1553	2.1845	0.056	1.2074	2.2578	2.1493	2.2563	0.155	2.1004	3.3356	4.1569	3.299	1.1926	0.1353	0.1348	3.1781	1.1582	1.2677	1.0998	0.1441	1.1364	3.3625	3.1824	0.1405	0.1429	1.2125	1.1859	5.2079	1.1296	1.1947	4.3013	1.1002	4.2211
1.0973	0.1665	4.1678	0.0594	0.2443	0.3156	1.2392	3.0769	1.3667	9.4643	4.3172	1.1184	0.0477	1.1164	1.1337	0.0269	4.2427	3.2903	6.5283	0.1272	5.4404	4.2787	2.3268	3.2424	0.242	1.4337	3.367	1.1224	0.0508	2.2208	4.2659	2.2505	0.1312	1.2811	3.4863	1.0964	8.3569	7.4818	2.6021	2.3068	4.2291	7.5015	2.5701	0.193	2.0527	0.1731	4.2407	0.0894	0.0187	0.0751	1.0338	1.0416	0.1435	3.2337	1.0708	0.1629	0.1552	2.332	4.2649	4.1227	0.018	1.106	1.2427	1.1246
1.1935	1.1381	3.1619	1.2272	2.0645	1.1046	0.0355	1.2198	1.2428	1.1368	1.056	1.179	3.2174	0.1561	5.1369	1.2827	0.1421	1.0497	1.0765	2.1406	1.1133	1.0139	0.03	1.1095	0.023	0.0642	0.0495	0.0174	2.17	0.1096	1.1613	3.1765	3.1698	1.1481	0.1254	0.217	0.1558	1.0818	0.0305	3.0666	2.1166	1.057	1.0145	0.0381	3.1263	0.0105	0.0924	0.1422	2.2154	1.1056	0.2852	6.2089	1.0816	0.0731	0.0611	1.1618	1.2759	2.1186	2.1335	2.0772	1.3047	2.1097	1.2019	2.2897
0.0754	0.0491	2.1334	1.1991	1.0833	0.0835	0.0214	1.1247	1.2126	1.1201	2.126	1.1698	3.1258	2.1527	3.1646	0.2067	0.1121	2.104	2.1539	2.131	2.1596	0.0785	0.0593	1.0987	0.0293	0.09	0.0412	0.0132	1.1658	2.0991	0.0905	2.1667	2.1261	0.0504	0.1501	1.1603	1.0986	1.0921	0.0048	1.0719	2.0724	1.0302	0.0959	1.1864	1.0669	0.0313	3.1574	1.3005	1.1428	0.1052	1.1671	4.1593	2.0719	1.0899	0.0404	2.2268	0.1717	1.019	3.1615	3.1932	1.2159	1.1459	1.2723	3.3222
0.2055	2.1083	2.0713	0.1008	3.2154	0.1376	0.0603	1.0704	1.0567	1.1721	0.0783	3.1088	0.0739	1.1524	1.1211	2.1859	3.1516	1.2582	2.2095	2.1602	4.1878	3.1733	1.1922	0.1746	0.034	0.1798	1.1165	1.2376	1.0485	1.0943	3.1625	0.2291	1.0769	1.0548	0.1054	1.1477	0.2146	3.2443	0.1775	1.1582	1.1093	1.253	1.1221	3.1259	1.096	5.226	3.3444	3.386	0.0548	0.065	1.0296	1.1327	2.2063	2.173	1.1272	3.1345	1.1849	2.153	3.2245	5.4958	0.1311	1.218	4.4196	4.4514
0.0714	1.0778	1.0355	1.1186	1.1	0.0397	1.0556	2.121	0.0502	0.0587	2.1573	2.2186	1.1339	1.0916	1.1366	0.1242	1.0384	0.0615	0.0186	0.1058	0.0208	2.2199	2.1745	2.2142	0.0836	2.2505	2.05	0.1605	2.0978	2.2235	4.1846	2.3087	1.0555	0.0326	1.2111	0.1024	0.0092	3.259	1.1495	2.263	0.1673	3.1895	3.314	5.3451	4.1772	1.1199	2.3563	2.3833	1.138	2.0929	2.1607	2.158	0.0944	1.1753	0.1647	4.2113	2.1005	2.2356	4.4909	2.3096	0.1408	1.2141	3.4621	4.2569
0.1601	2.1307	1.0255	0.1319	1.1218	1.0857	0.0305	2.1389	1.1343	0.054	4.1978	2.2621	2.1796	0.077	1.1055	0.099	1.0808	0.1276	3.1241	0.0918	0.1157	3.257	1.1071	4.2087	1.1423	0.0529	0.1282	0.0551	2.1095	1.2849	2.0819	1.082	1.0913	0.0153	1.3064	2.1019	2.0469	2.1184	0.0936	0.1114	0.1985	1.0773	2.2681	4.3328	2.1712	0.104	4.4016	3.2915	1.1156	2.1033	2.1649	1.1344	1.1241	2.2405	0.147	0.1255	3.039	2.1437	1.2415	3.3139	0.1019	2.1758	2.1928	1.1285
3.2403	1.1643	2.2959	1.1795	1.102	1.1303	0.1588	1.1429	3.2443	3.2373	1.1235	2.176	2.2451	1.0973	2.126	0.0587	0.2221	1.0559	1.1392	1.0323	1.1513	1.0653	3.0812	0.221	1.1533	0.0694	0.0298	2.1776	2.1366	4.1132	1.1171	1.3185	2.2153	1.1174	3.1832	1.1646	0.1556	3.1836	0.1508	2.1218	1.055	1.1822	0.0972	1.1043	2.2286	1.1274	1.1072	2.1919	2.2037	0.1959	3.1388	2.1531	2.103	0.1602	0.0387	5.2218	2.1435	1.1072	1.0902	1.1975	1.131	1.2427	1.1883	2.2681
2.2436	1.2321	1.0776	4.3855	3.1206	2.2232	0.1004	1.2079	1.1604	0.0226	2.1342	1.138	4.1787	2.2363	1.2249	3.4988	1.2138	2.0351	0.0552	1.1455	0.1267	1.1071	2.1091	2.1967	1.132	1.0769	0.0342	1.2236	1.1687	2.1817	4.1538	1.2283	3.224	2.1016	0.1121	1.4313	0.1179	0.0854	0.0301	1.1134	2.2399	0.0486	2.0892	1.1215	5.2125	3.1678	2.2042	1.2858	2.2575	1.2235	3.2076	4.1687	2.1482	2.1325	1.2256	4.2194	1.3008	0.1516	1.2387	8.3844	0.3405	2.1834	3.4902	3.4201
0.125	1.1282	0.0864	2.2144	2.1299	3.1726	0.1377	0.0993	2.1038	0.0548	1.0918	1.074	5.1269	0.2068	0.1249	3.2377	0.1833	2.0513	1.1017	1.1629	1.196	2.0478	1.0649	1.1052	2.1206	0.0096	0.0327	0.1233	1.0768	0.018	1.1095	0.0756	3.1175	0.1705	0.0483	2.2452	0.0524	0.0514	0.0174	0.0074	1.2073	0.0251	2.0966	1.0809	2.114	1.1173	2.0996	0.1292	0.1703	2.1843	3.0881	3.0792	1.1209	0.1413	1.0661	1.0678	0.1568	0.039	1.1898	3.1855	0.196	2.0489	1.2371	1.1278
1.0841	1.1131	3.0955	0.0912	0.0627	2.1129	0.1254	1.2427	1.132	4.1763	0.1089	4.2518	0.0667	0.0748	1.1499	0.1601	1.0811	0.0984	4.1941	0.1521	2.1507	4.2314	1.2774	4.26	0.1408	1.2756	0.1493	0.1956	1.1871	1.2602	7.2871	2.1867	2.1055	1.1539	1.1829	0.0742	2.2202	4.2991	0.2332	4.2045	0.1113	3.1243	0.0624	0.0717	1.1167	1.1598	1.2524	3.1296	1.1131	0.0918	1.1867	1.1165	1.0919	1.2487	0.1278	2.1895	3.1322	3.4648	3.0889	2.1387	1.1375	2.1794	2.1597	1.2
1.1449	0.0843	0.1826	4.246	0.1234	2.11	0.0979	1.1087	3.2499	1.062	1.1299	1.1221	2.1939	2.1383	2.2808	3.3384	1.1037	1.0859	1.0904	1.1364	1.0588	2.0935	0.0201	1.1958	0.1217	0.0173	1.0181	0.1048	1.1994	0.056	2.108	2.1828	2.123	1.0779	2.111	3.308	1.0758	0.0483	0.0206	0.0454	2.1538	0.0262	2.1297	2.1627	0.1958	1.1053	1.1274	2.2411	1.2861	0.0826	3.1813	1.2582	2.1565	0.0191	1.1224	3.1812	4.2041	0.0846	2.2927	1.2803	2.2221	3.1795	2.3606	5.4786
1.0173	0.0978	0.1133	1.1078	2.1288	2.0656	0.1675	0.129	1.0982	1.1125	2.184	1.1309	0.0771	2.1297	2.1281	2.2387	0.0799	2.0914	2.1134	1.1647	1.0916	0.0661	1.073	1.1408	1.0982	0.0594	1.0977	0.2356	1.1277	2.0952	3.1382	1.2615	1.0696	1.0999	1.1106	2.1386	1.0625	0.0861	0.0838	1.1054	1.1468	1.0307	3.2073	2.1758	1.1563	2.1133	1.2108	3.3664	0.1701	1.1519	2.194	1.0991	1.1653	1.1464	1.1665	5.2227	3.1879	0.1351	1.1808	4.3047	2.2529	2.3055	2.3339	5.5064
1.0247	0.0894	1.0635	1.1631	1.1354	1.0221	0.0611	0.177	1.0874	2.046	1.1199	1.1594	0.0874	3.0564	1.1686	2.327	0.0551	2.0787	1.1077	3.2033	2.0539	0.0391	0.0155	0.13	0.0455	0.0178	0.0853	0.0904	1.1017	0.1059	2.2269	3.2362	2.0917	0.0911	1.1177	1.1252	1.0418	0.0495	0.0473	2.0968	2.0389	1.057	0.1269	2.1565	1.0855	0.0959	2.1286	2.4066	0.1759	0.1364	3.1869	1.1478	2.2125	1.1107	0.1072	3.1678	1.3125	0.1145	4.123	2.3107	2.3796	3.3057	2.3383	8.4834
0.1279	5.1104	1.1994	0.2514	2.1411	1.1165	0.2275	3.3272	3.233	3.2056	2.1739	0.1306	2.0563	1.1703	2.2672	1.1485	2.1785	0.2131	2.1253	3.164	2.0917	0.0753	0.1359	3.1605	0.242	0.1662	1.1031	0.1592	1.2054	2.2269	8.2565	1.3056	3.2793	1.3096	4.3306	1.1508	3.3158	2.1054	0.165	5.1901	3.2634	2.0975	0.2057	0.0466	1.1152	1.0846	0.2064	1.0762	1.1049	0.1988	1.1074	2.0943	0.1399	2.1616	1.1485	2.3456	3.3347	5.303	2.1329	3.1728	0.1283	1.2521	2.1695	1.1632
0.0271	0.0789	0.0672	2.041	1.0398	1.0304	1.0979	0.09	0.0232	0.0537	0.0733	2.1546	1.0834	1.1312	2.215	2.2023	2.0758	2.0905	1.1541	4.2313	1.0711	0.0351	0.0931	1.023	0.0266	0.0504	1.0857	0.1292	0.0443	0.079	3.2078	0.1605	0.084	0.0295	0.0604	0.2212	6.1534	0.0286	0.0351	0.1879	0.0903	1.1208	0.0662	1.0717	1.0715	0.2365	4.1985	3.163	0.0285	1.0783	1.0594	0.1396	1.2949	1.1357	0.113	1.1304	0.2552	5.1801	2.1533	5.2936	0.1094	2.2325	3.2034	1.1934
3.3211	1.2551	1.2167	2.073	2.3501	2.1722	0.0828	3.0874	1.1907	2.2007	2.0707	5.216	1.2619	1.13	0.1563	1.1139	1.223	3.1867	3.1766	0.1981	3.1545	0.0814	0.0583	0.0436	0.0592	0.0533	0.0647	0.0957	4.13	0.0429	1.0825	0.0563	0.1227	1.0577	0.1225	1.1144	1.1532	1.0115	0.1034	2.0932	0.0974	1.01	0.0296	1.0848	3.3024	1.0762	1.1268	2.1378	3.2145	2.2299	5.1286	0.2797	1.1238	0.0727	0.0273	1.1226	1.0844	1.0973	0.0558	1.2131	2.153	0.0803	1.083	0.0813
2.2761	2.2019	1.1129	2.0959	2.2861	0.1288	0.0728	3.0908	0.0786	1.1825	2.1221	2.0767	0.2316	2.1426	0.1848	2.0797	3.1997	3.1722	1.1015	1.2026	2.0945	0.1048	0.0577	0.1226	0.0734	0.0781	2.0596	0.2041	1.1502	2.1569	3.0856	0.0672	0.0952	1.0586	0.126	1.1221	2.1799	1.0834	1.1799	3.093	0.1071	2.1367	0.1394	2.1814	3.1118	0.1446	4.2824	1.2532	2.1217	0.197	3.1277	0.2181	2.1596	1.1035	1.1025	0.1461	2.1667	4.1471	0.2042	3.2723	1.1709	0.0451	2.1917	1.129
0.1525	0.1262	4.1296	2.2091	1.1519	0.0373	0.0878	1.1763	1.3478	5.1104	1.1606	5.2505	1.2283	1.1949	0.2393	3.2028	2.1273	1.096	3.2101	1.1946	1.1188	1.0336	0.0616	1.0989	0.0721	0.1437	0.0773	0.1399	2.1736	0.0982	4.2249	2.1582	2.2039	0.0875	2.2411	0.265	4.1819	1.1002	0.1658	4.1509	1.1664	1.0794	0.097	1.2527	3.2225	1.0907	4.3113	2.3403	2.1347	1.1379	3.2779	2.217	1.0936	0.0859	0.0831	2.2289	2.2114	3.2589	2.2592	5.3612	2.1432	1.1079	4.3736	1.3756
0.0586	1.0816	0.0406	0.0641	4.157	1.1016	0.1283	1.1131	0.0813	3.1051	0.1542	2.1574	0.0807	0.0877	3.2641	2.1057	0.1571	4.1835	2.0885	1.1179	1.1855	0.1272	0.0471	1.1205	1.0444	0.1847	1.0756	0.1416	2.0889	2.133	3.196	1.1889	0.0486	1.1566	2.1686	1.1817	3.1757	0.185	2.1645	4.1548	0.1997	3.1195	0.1741	1.2634	2.222	0.072	5.3616	2.3089	1.0402	0.1379	1.2004	3.1744	0.1154	1.0904	0.0556	1.1555	3.2306	3.2714	3.3432	6.3781	1.1615	0.1246	4.3412	0.2504
0.1118	2.081	2.1229	0.1525	1.1701	1.1773	0.0937	3.2256	2.2444	3.2379	3.1842	3.2225	0.1142	1.1666	2.2085	1.1435	1.154	2.2267	5.2173	2.1748	1.2102	2.1322	0.0659	1.2152	0.0957	0.214	0.122	0.1449	3.1231	2.27	5.217	1.2291	3.055	0.1649	0.3217	1.2014	6.1938	0.1248	0.2799	6.2097	1.1286	3.1359	1.2532	1.3318	0.215	1.1354	5.46	2.1853	0.129	1.2145	3.1559	1.1088	2.2057	1.1962	0.1439	1.1956	1.2387	7.2688	2.2444	4.2855	2.1544	0.2121	2.1916	1.1268
0.0046	0.0604	0.0469	0.0171	1.0883	1.1873	0.1118	2.1403	1.0821	4.2228	2.0852	1.1086	0.0134	0.0714	0.07	0.0552	0.0646	2.244	5.1082	0.1017	3.1029	1.204	0.1668	2.2147	0.0505	0.2766	1.2175	1.1369	1.0176	1.3172	4.2181	2.1388	0.0121	1.0866	0.1873	0.0536	2.2958	3.1641	1.236	3.1397	0.1164	4.1562	2.1549	2.267	1.1649	1.1056	1.358	3.1187	0.005	1.0971	2.1101	0.0238	1.0314	1.1385	1.1784	1.1989	0.0479	2.2454	3.2771	2.2276	1.0402	2.0753	2.192	0.1868
0.0104	0.0377	0.0766	1.016	2.025	0.0315	0.067	1.0565	0.0143	0.053	1.0726	1.1768	0.0178	0.0757	2.2048	2.1948	1.05	2.0452	1.0939	0.1268	0.0797	1.0521	1.167	1.1153	0.0536	1.1255	1.1036	0.1963	1.0529	1.0923	3.1798	2.2866	0.0289	0.0338	1.0448	1.2554	2.039	1.116	0.1133	1.1517	1.104	1.0475	1.0751	2.2496	2.0629	2.1088	1.3823	4.4432	0.0511	1.0628	0.1047	2.0982	0.1693	1.2066	1.1315	3.1802	1.1917	2.1941	3.2744	6.3842	0.1783	2.3883	6.4115	4.4036
2.1141	0.1243	1.1693	2.1405	1.1962	1.0426	0.0967	1.1313	0.1288	3.1188	0.1946	2.054	1.1357	2.0817	2.2113	2.3358	2.1237	2.0942	1.113	3.3977	3.1111	0.1068	2.0997	0.2485	1.0621	1.1861	1.1225	0.2389	1.0639	2.2333	4.3073	2.2654	1.2525	0.155	1.0873	1.1343	3.2322	2.172	1.247	5.2488	1.2358	3.2373	2.1202	0.1661	2.0739	1.18	4.231	0.2609	0.0547	1.0901	2.1095	1.0849	1.0976	1.2178	0.1513	3.2467	1.1997	5.4147	3.3307	5.288	0.0628	0.265	4.5316	5.3664
1.1721	0.0868	2.2188	4.1698	2.0903	1.0831	1.1204	0.1091	1.1206	1.2903	2.2075	0.077	1.1883	0.1284	3.1812	2.1432	2.1709	2.0908	1.1537	1.1257	2.0875	0.1363	1.1673	2.2329	0.1162	1.0786	2.1432	1.1573	0.0981	4.1685	1.1434	1.2051	2.0483	1.1302	0.0904	1.1797	1.1597	2.188	2.1516	1.198	1.125	3.1925	2.1836	1.1454	0.1191	1.1304	2.1108	1.119	2.2563	1.0702	0.1485	0.1632	1.2036	2.207	0.0987	3.1106	2.087	1.1133	1.113	2.1207	2.2326	1.1914	1.0434	1.1128
0.0018	1.0779	0.0515	0.0208	1.0133	2.1418	1.0918	0.1932	1.0755	1.126	4.1163	0.218	0.0136	0.029	0.0432	0.0305	0.0422	1.019	2.1609	0.0213	1.0692	2.0192	0.1811	4.1832	0.0838	0.0619	0.2518	1.0916	0.1362	0.0596	4.3006	2.1582	0.0459	2.1863	4.1806	0.0505	0.0814	1.1947	0.1085	0.1432	2.1995	0.286	3.21	4.2116	0.1251	3.2552	2.1105	1.0932	1.0621	0.1591	0.146	0.0248	1.0795	2.1013	0.0889	1.1132	3.1052	0.0555	3.3486	1.0578	1.1171	1.0359	1.1318	1.0793
4.1917	2.2342	2.207	3.2371	0.3063	2.1841	1.1299	0.1721	1.1401	5.2162	0.1543	0.1939	0.13	2.117	3.3246	2.1298	3.2381	1.1908	2.1169	1.1689	3.2044	2.1909	1.1099	1.2054	0.1388	3.1864	0.0799	0.1419	0.1372	0.1497	5.1448	2.2237	3.1798	0.2016	0.2154	3.1858	2.1737	2.1734	1.2238	6.1426	3.1382	0.1496	0.0746	2.1328	2.1417	1.1482	0.3645	1.1832	1.1818	0.1562	1.103	0.1095	3.0968	1.1958	0.1098	0.1353	2.3498	3.2045	5.1824	2.369	0.1418	1.1232	4.2718	2.1132
0.0691	1.0336	2.1092	0.0875	0.0895	0.0685	1.0801	3.1541	1.1023	2.0407	2.2022	1.1653	1.0934	1.0467	0.1122	0.1332	0.053	1.099	2.0989	0.1042	2.0434	0.0588	0.0606	2.1742	0.1074	0.0907	1.0299	0.0468	1.1781	1.1094	1.0624	4.39	1.1292	2.1228	1.1797	1.0685	0.0665	1.0204	0.085	1.0983	2.1686	0.0538	1.1271	1.1013	1.1177	0.0283	2.175	1.1095	2.049	0.1367	1.2113	1.126	1.1553	2.1378	0.049	1.1777	2.1326	0.085	1.1606	2.1278	1.1507	2.3239	2.1909	4.2254
0.0408	0.066	0.081	2.0674	0.0368	0.0474	1.111	2.1089	0.1053	1.0674	0.1059	1.0734	2.124	2.1073	2.2643	1.1504	0.0572	0.0851	1.0221	2.1301	1.0353	0.0282	1.06	1.1325	0.0654	0.1558	1.1591	1.0823	1.1729	1.1228	4.1945	1.1407	0.0964	1.0668	0.1593	3.1476	2.1347	3.0698	0.1886	0.2053	1.1382	3.1592	1.0826	1.0994	1.1325	1.0849	2.1439	0.1219	2.0613	2.1008	1.1048	0.3013	0.0873	0.0835	0.0956	4.1705	3.1639	1.2193	4.1546	1.2143	1.1402	0.1236	1.1492	0.0972
0.0426	0.1081	0.0723	2.1011	1.1071	1.0745	1.143	1.1424	2.0565	0.1573	0.1048	0.142	1.0722	3.1972	5.2035	0.1764	0.094	1.1637	1.1337	3.0945	3.0546	0.1191	1.1379	1.1015	0.1176	0.1887	1.0999	1.1629	1.1654	0.2444	6.1624	1.1489	0.0851	1.0731	0.1582	4.1886	1.0886	1.0616	0.1104	1.1889	2.0849	1.0396	0.0496	2.1368	1.227	4.1194	0.2317	1.2043	2.1026	2.1364	1.1102	0.2649	0.2383	2.1278	0.1821	5.1944	1.2452	3.1424	4.098	3.3377	2.1491	0.1765	0.207	0.1283
0.0075	1.1039	0.0679	0.0154	3.0876	3.2955	0.307	3.1011	0.0891	3.2626	2.1073	1.0516	0.003	1.0863	0.1208	0.0507	0.0885	5.4081	6.2103	0.1676	4.3263	4.515	3.4247	2.2952	1.2684	2.5041	3.466	2.2046	0.0823	3.2767	6.2826	0.1256	1.0982	3.3424	0.1653	1.0465	3.3659	2.5066	5.3039	3.2214	2.2376	4.3925	3.2162	0.2096	0.073	2.2677	3.181	1.0858	0.0177	0.0564	0.0671	0.0312	1.0999	4.2485	0.272	1.1493	2.0719	4.2518	1.2283	3.1415	0.0141	0.139	1.109	0.0366
2.0187	2.1883	0.0804	1.072	0.0574	1.1854	2.0957	0.1425	1.0275	1.1421	1.1585	2.109	0.0087	0.1842	0.0988	2.1219	3.2541	0.1708	0.1979	0.1397	2.4008	5.6639	8.5563	2.1357	4.2244	4.6781	3.536	3.1446	0.0772	5.2554	3.2341	0.1053	0.0632	1.0974	5.1296	1.1539	1.117	5.6066	2.471	2.2142	1.0577	4.3642	4.3353	0.2011	0.0251	5.2969	0.1592	1.133	0.0235	0.0245	0.043	0.0479	0.1877	5.2318	2.3745	4.1458	1.1357	1.2137	2.1393	1.1425	0.028	1.1927	2.1394	0.0902
1.0521	2.1195	0.1013	2.1438	1.1389	1.1272	2.2028	2.1453	1.1064	1.1152	1.1308	1.1143	0.0259	1.1761	0.2417	3.2187	3.1795	1.2308	1.1761	1.1866	3.2092	0.1464	2.1709	0.0827	2.1908	2.1737	2.3065	0.1093	0.0849	2.1688	4.2128	2.1137	1.1375	1.1466	3.053	1.2358	1.2708	2.2082	1.1562	3.2039	1.1087	3.2671	3.2028	1.2327	1.0611	2.1918	2.2954	1.1826	0.0408	1.0581	0.1282	0.0537	1.1403	2.1192	1.3164	3.1067	2.167	1.2843	3.2984	4.2748	0.102	2.1343	4.2786	0.2118
1.0495	1.1274	0.041	0.0009	1.0833	2.1252	1.1774	0.0773	0.043	2.1141	1.0555	0.0369	0.0042	0.0016	0.0137	0.0103	1.1279	1.1461	0.0761	0.0042	0.1583	4.3236	2.3748	2.115	2.2205	3.2865	2.2302	3.1227	0.057	2.1039	1.1732	0.0927	0.0377	2.1876	3.1004	0.022	1.0812	1.2453	3.1437	1.158	1.0766	2.1707	0.0966	0.1238	0.0324	0.1575	1.1232	3.1367	0.0037	0.0191	0.066	0.0027	0.0295	0.0872	4.1329	0.077	2.0148	0.1475	0.1444	1.1676	0.0007	2.0664	1.1725	2.2175
5.3427	0.1219	3.3681	2.2315	2.146	0.0296	0.0671	1.0587	0.2452	2.1318	3.1892	2.2236	3.1992	0.0859	2.1781	0.1216	2.2724	1.0815	2.1144	2.1008	1.142	1.0526	0.0317	2.1571	0.0401	0.1057	0.0699	0.0404	0.1561	1.09	2.1509	1.0858	1.2126	0.0639	1.2087	1.1238	3.1629	2.1236	0.1025	1.1101	3.1146	1.1579	0.1363	2.1743	2.1447	0.1074	3.2822	2.1636	2.2716	2.0355	1.1489	0.129	1.1248	0.0495	0.0483	0.085	1.2935	3.1037	3.229	3.2594	0.0858	0.0247	3.2674	1.1159
2.134	0.065	3.082	2.3668	0.0887	1.0619	1.1002	1.1201	1.1967	3.0632	1.1486	2.2836	1.2536	0.1748	1.243	4.2338	1.0979	1.0677	3.1065	0.0882	1.0729	0.0806	0.0936	2.0725	0.1756	0.1158	1.0672	2.1917	0.2702	1.1157	4.0898	1.1147	2.2165	1.0609	0.1689	1.1919	3.1417	1.0755	2.1987	2.2148	0.0908	2.1435	0.1361	2.1666	3.2378	1.1358	2.2718	2.18	3.2396	1.1696	1.2897	2.1985	1.1395	1.1012	0.1561	1.1829	3.2216	3.3251	2.1915	2.1676	3.1381	1.1427	3.2636	0.1217
4.4216	1.1605	0.0739	4.4611	2.2248	1.1155	1.0671	1.0822	0.1542	2.0625	1.1686	2.0977	5.4279	0.0776	1.2465	4.3351	1.1341	3.1244	2.1443	1.1812	2.1009	0.0784	0.0386	0.1359	0.1078	0.0822	0.0653	2.0665	1.1604	1.0756	1.1477	2.1737	1.2328	1.053	0.1141	1.1106	2.0735	0.0667	1.1415	3.1433	1.1858	1.0655	1.0669	0.1664	2.2133	0.1324	4.127	1.1582	3.374	0.145	3.137	4.3314	0.1434	1.0863	0.058	1.1456	2.1162	3.2079	1.196	3.3227	3.2287	1.1408	3.3033	1.3629
0.0844	0.1147	1.0747	1.1899	3.2152	0.0494	0.0632	1.1203	1.1207	2.094	0.0699	1.0878	1.2034	2.159	2.1076	2.1799	1.1636	1.1407	2.1446	4.1523	0.0864	0.0143	0.0134	0.0638	1.0697	0.08	0.0189	0.0949	2.1267	1.1219	2.093	0.129	1.0623	0.0955	0.0955	1.083	2.1307	0.0847	1.0655	2.05	0.0576	0.0496	0.0062	1.047	1.1112	1.0923	0.0912	1.1214	0.1529	3.0959	2.0972	1.2248	3.181	0.0313	0.0959	1.1999	0.0817	3.1072	1.0635	1.1716	2.1649	0.1404	1.1342	2.1836
1.1228	0.0254	1.1656	2.1702	1.0708	0.0198	0.0802	2.1079	1.1667	1.1512	2.2313	4.2509	1.2163	1.1156	3.2791	1.2119	1.1359	1.0857	4.1172	2.1875	0.0231	0.0038	0.0176	0.0628	0.1017	0.0502	0.0692	0.1003	1.1541	0.124	2.1181	2.0959	1.0813	1.0811	1.2554	1.2245	5.1747	0.0641	0.1195	2.1862	0.1897	1.1915	1.138	1.1347	2.2549	2.1293	6.219	0.1574	1.1388	2.13	2.2559	1.2402	2.2435	0.0265	0.1042	1.1416	3.2045	5.1571	0.2114	4.2337	2.1369	0.1239	1.2033	0.1073
2.0849	1.1311	2.2186	0.1818	1.2185	0.1752	1.124	5.2198	1.2177	5.1903	1.1595	4.3183	1.2417	1.172	1.2532	1.154	0.1354	2.1595	4.1638	2.2126	3.0795	0.0669	0.084	0.1773	1.0637	0.1577	0.0741	0.1228	2.3277	1.2278	4.0751	3.1837	1.0947	1.2478	1.2502	1.1733	4.2119	2.1084	0.1167	3.2473	0.1633	0.1403	0.0817	1.1858	5.2207	0.165	7.2825	0.2669	2.3036	3.2039	5.2969	1.2535	0.224	1.0796	0.1559	2.1724	2.3136	4.1965	0.1981	6.2277	3.2692	1.0808	0.2742	0.131
0.1631	0.0544	5.1831	0.2015	0.0905	0.0436	0.0459	2.0947	3.2281	1.1426	1.1934	5.3208	2.2176	2.0985	1.2278	0.1631	0.1691	0.0996	1.1515	3.09	0.0872	1.0664	0.0274	2.1789	0.051	0.1035	0.0695	1.0556	5.1765	1.2706	2.2022	2.2491	2.1296	1.0387	0.2256	1.22	4.1282	1.1378	1.0546	2.309	0.1363	1.1478	0.0517	1.1225	1.2275	1.2543	5.1179	2.1981	3.1407	1.0892	4.3321	1.2103	0.2043	1.1111	0.1318	4.3075	1.199	6.2328	1.1217	2.3277	1.1544	2.1498	1.289	3.4404
3.2989	1.1426	2.1686	2.222	1.1232	0.0638	0.0617	2.1101	2.2022	1.0828	0.1009	3.2133	1.1368	1.0954	3.2249	0.256	3.2409	1.1083	1.1083	1.1216	0.0357	1.081	0.0531	2.1586	0.0513	0.0816	0.0134	0.0679	2.103	1.1157	3.1129	0.1588	2.1676	0.0601	0.189	1.1563	5.1209	2.166	0.0645	0.1764	0.04	1.1413	0.1017	1.0689	1.1029	0.0978	2.3215	4.1618	0.1246	1.037	3.1164	1.2126	0.2566	0.0322	0.0416	2.0671	1.2369	5.2127	2.1245	3.3371	1.1479	0.1325	3.2959	2.2379
3.1387	1.1698	0.036	2.2219	0.091	0.0816	0.1423	3.1231	0.0433	1.044	1.0639	1.2133	2.1325	2.2218	2.1964	1.2421	2.1614	1.1338	2.1313	2.1648	2.0272	0.0289	0.0691	0.0975	0.0582	0.1065	0.1071	0.1913	1.0796	0.1124	6.1828	0.1682	0.1372	1.0307	0.0697	0.1305	4.1226	0.0269	0.1106	2.1344	0.0416	0.0654	0.1793	5.1848	1.1726	1.0991	4.3134	3.3698	1.129	0.0606	1.118	3.2571	0.3076	2.0417	0.1221	2.1511	1.2249	5.1779	4.2083	3.4308	1.1798	1.1885	2.4054	3.2609
0.0448	1.1076	0.1102	1.0924	2.1852	2.069	0.1489	2.2524	1.0818	2.1197	0.1169	1.1368	1.0848	3.1168	3.2306	1.2635	1.0768	1.1988	3.1026	2.1776	1.0608	0.078	0.0443	1.1029	1.1701	0.0917	1.0666	0.1842	0.1592	1.0814	4.197	2.2557	1.1286	3.1377	0.1595	3.267	2.1487	0.0481	0.1751	2.2186	1.1324	2.095	1.0648	1.1623	2.1749	3.1258	0.3496	2.1816	0.1037	1.2433	1.0829	2.2014	2.159	0.0868	2.1444	2.119	4.2998	0.2835	3.2088	5.325	1.195	0.2264	4.3007	2.2444
1.0856	1.0957	0.0193	1.146	2.1377	1.1202	1.0777	1.0831	0.0812	0.1144	1.1341	1.0387	0.1065	1.2094	2.1731	3.1303	2.1886	2.148	2.134	1.1656	3.1116	1.0325	0.1301	1.0575	0.1138	0.1173	2.2389	0.0823	0.0413	0.0547	3.16	0.0359	0.0202	2.1047	0.1771	4.2379	0.1514	2.0907	0.1739	1.0553	4.2033	1.0937	6.2679	1.3963	0.0498	1.1724	0.1851	1.2053	0.053	0.1167	0.0347	0.07	2.2199	2.2123	0.0783	0.0968	2.1145	2.151	3.2683	0.0947	0.0796	2.179	2.1128	2.0371
3.158	2.2601	0.1577	2.1453	2.2696	1.164	1.0565	1.141	0.014	2.0745	0.0999	1.132	1.2207	2.0529	1.1703	1.0702	3.315	2.1677	0.0478	2.2146	3.1462	0.0647	0.0051	0.1126	0.0162	1.0286	0.0264	0.0377	1.1176	0.0465	1.048	0.0837	0.067	1.0166	1.056	0.0753	0.136	1.033	0.0345	2.0458	1.0705	0.0303	0.1367	1.2089	0.0806	1.0731	5.1859	1.2288	1.1873	0.1654	1.029	1.0847	2.1935	1.0669	0.0044	0.0195	1.1135	0.116	2.1728	5.2099	1.0546	0.1188	1.2049	1.1598
1.1095	1.154	0.081	2.1751	3.0741	1.1474	1.1665	3.2227	0.0799	1.1086	0.0415	1.031	1.2435	0.1385	1.0896	2.1847	1.1201	2.0969	1.0103	1.126	0.0785	0.0309	1.121	0.1405	0.098	3.0975	1.1512	2.1808	0.133	1.1003	1.1303	2.1864	0.1365	2.1514	1.054	0.088	1.1261	0.1201	3.1329	1.0784	0.1227	0.1255	0.0722	2.0893	3.1845	1.1246	2.0732	0.0378	2.1456	3.1886	0.1104	1.2671	2.1126	0.0747	1.1111	0.1114	3.1041	1.1329	1.1516	1.144	2.1435	1.0709	1.1944	2.2119
2.2118	0.0352	2.186	2.1831	1.1411	1.0637	2.1163	1.0266	0.1098	1.0522	0.1345	3.2159	1.2667	0.0747	1.123	2.1687	1.1805	2.0721	1.1303	0.0323	1.1061	0.0281	0.1051	0.0182	1.0674	1.0684	1.0851	1.1188	0.0745	1.032	0.0103	0.0086	1.0653	0.0937	1.0884	0.0912	0.0761	0.0592	2.0424	0.0354	0.061	0.058	0.0251	1.1172	3.1482	1.115	2.0631	1.112	2.1434	3.1452	0.128	1.2427	2.0918	0.1065	0.0758	0.0449	1.1003	0.0346	0.0594	2.0292	2.1337	0.0951	1.1063	1.0993
0.0596	1.0421	2.2147	0.0343	1.0481	1.0401	0.2	2.0461	2.1998	1.0838	2.4349	4.1361	0.0845	0.0549	1.1721	0.0205	0.0525	2.0663	3.1171	0.1552	0.1393	1.0517	2.0661	1.186	1.0667	0.0587	1.1053	0.2324	1.1127	2.1416	2.0727	1.17	2.14	0.1437	3.3346	1.0936	2.0612	1.122	0.1528	0.1372	1.2741	1.277	5.4505	2.1201	2.1418	2.1504	3.1424	0.1031	1.0979	1.0993	1.1516	0.0489	1.1034	1.2356	0.0376	3.1619	2.1688	1.0537	1.1149	1.0321	0.0652	1.1995	0.0214	1.0805
1.0597	1.0939	1.2037	1.0812	1.163	0.0926	1.2181	4.1314	0.1753	4.1392	1.1445	2.0955	1.1494	1.1089	0.2194	2.1841	2.1374	1.1849	3.185	1.1467	0.0669	0.0688	1.1365	1.1249	2.1147	1.2581	1.172	0.1187	2.1927	1.1945	4.0943	2.24	0.1026	1.1443	2.1329	0.175	5.2173	0.1114	2.1605	3.193	0.099	1.1224	0.0635	0.0541	2.1155	1.1251	1.0719	0.119	1.1412	3.1844	1.1262	2.259	1.2204	1.068	0.1502	1.1787	1.1734	4.1638	0.0191	2.1605	2.2501	0.1817	2.114	2.226
0.037	3.0805	0.1075	0.0326	2.0717	2.1077	0.2966	1.0818	0.0632	1.0926	1.0749	1.1471	0.0342	0.0518	1.1309	1.0683	1.0194	0.1536	2.0961	1.1098	1.0338	1.0742	2.082	0.0706	1.0893	1.1108	1.1827	1.1579	1.0236	0.0835	1.1619	1.1113	1.141	0.2072	1.1148	1.068	1.151	2.1412	0.0872	1.1403	2.2407	2.1755	2.1691	2.0977	1.1623	2.1247	2.1427	1.1528	1.0574	2.1138	0.0592	0.0748	0.1129	0.0841	2.0812	1.0874	0.1091	0.1423	3.1295	2.1811	1.0851	1.1173	1.1298	1.1244
0.0395	1.0558	0.0567	0.0339	1.0676	2.1553	2.2379	2.1393	1.0633	1.2322	0.0768	3.0506	0.0518	0.111	0.074	0.0329	0.0472	3.2455	4.1548	0.1212	2.138	2.4475	4.4443	3.2278	1.1101	4.6603	3.3058	0.1542	1.1578	2.2735	3.2352	3.134	0.0363	2.1486	0.1033	0.0427	2.2086	7.6125	2.4026	2.3097	0.0911	6.4227	2.0962	0.0434	1.0975	2.1139	0.0452	0.088	1.0629	1.1491	1.105	0.072	2.1477	1.1742	0.1449	2.1252	0.0459	2.2341	2.0434	0.0966	1.0819	1.1018	1.0712	0.0353
0.1751	0.1244	1.0618	2.0677	0.0246	0.0324	4.1489	0.0841	1.113	0.0716	1.1149	1.1045	3.1595	0.2025	0.1333	3.085	0.0179	0.0055	0.0588	0.0234	0.0047	0.0004	0.0448	0.0129	1.1191	1.0115	3.2007	2.1959	0.1222	0.0593	0.1682	3.0603	1.1197	1.0561	1.1313	2.2568	0.0377	0.0014	1.0945	1.0611	2.1874	0.0304	2.2067	3.2749	2.301	1.0644	2.2493	2.2461	2.1167	3.1043	1.2392	2.2329	0.0452	0.0114	2.2396	1.1645	1.1621	1.0821	2.2537	1.2846	3.1129	2.1031	3.2201	0.3413
0.0117	1.0439	0.0442	0.0109	1.0118	0.0452	2.0924	0.0638	1.0486	0.159	1.1292	3.0891	0.0558	0.0802	0.0853	1.0375	0.0139	1.0364	2.1205	0.0859	1.0377	1.0572	0.2037	1.1172	0.0924	1.1327	2.21	1.1806	1.0422	2.0713	2.2062	0.0988	0.0901	1.1233	3.1822	0.0919	1.0291	1.2271	1.2228	2.1622	3.1261	3.2274	0.2927	0.2277	2.1033	1.1695	5.223	1.1896	1.0429	1.0971	0.0819	1.0688	0.1781	1.0862	1.0968	2.0753	0.225	1.1295	3.2013	4.1115	0.1102	1.1308	1.111	0.123
0.049	1.0926	0.1013	0.006	2.1772	3.1479	2.1458	0.0802	1.0933	0.0655	3.2009	1.1932	0.0316	0.0417	2.0809	0.052	0.0576	2.117	3.2665	1.0987	3.1412	1.0977	0.1756	2.0972	0.0996	0.1176	1.1458	1.1181	2.0654	0.1394	2.1292	0.1145	1.0762	1.1379	0.1566	0.0265	0.1287	1.0247	0.0846	1.05	1.1308	0.0422	1.0899	4.1931	2.2243	1.1189	1.165	3.2618	0.0734	3.2109	2.1278	1.0747	1.1065	0.1775	0.0751	1.1349	0.0801	2.057	2.0702	1.2653	2.1643	1.1845	0.0798	2.166
2.2122	1.1332	2.2114	0.0826	1.2268	1.1147	0.0836	4.0838	1.2051	2.0864	1.1618	2.1287	1.19	0.0203	2.1264	0.0874	0.1619	2.1289	1.0444	1.136	1.1422	1.0203	0.0209	1.144	0.0359	0.0305	0.051	0.0048	3.1907	0.0782	1.0639	1.1115	1.0864	0.0716	1.2169	1.0717	2.0142	0.0608	0.0123	0.048	2.0443	0.0082	1.1883	1.2229	2.0577	0.0565	2.1564	1.1821	2.1689	2.0728	2.1549	1.1732	0.0624	1.0548	0.0053	0.1603	0.1851	0.0103	2.0933	2.1202	1.1337	1.1278	0.1151	2.1613
2.1654	1.2336	2.1425	0.1042	3.1769	1.3478	0.0896	5.1666	0.1835	1.1718	1.1803	5.1098	1.1946	1.1376	1.223	0.1034	0.2015	6.2697	2.1525	2.2378	4.305	2.3292	1.1198	1.2577	1.0897	0.118	0.0994	1.2258	2.2085	3.3842	5.1268	2.3354	2.1356	1.1822	0.1487	0.0793	2.0958	1.2216	1.0985	2.2977	1.1293	0.1875	1.116	2.203	2.1416	4.2529	5.2722	1.2665	1.1431	2.1382	3.2017	1.2374	1.3439	4.1907	0.1731	4.3153	1.146	4.2	2.1756	4.3584	2.1838	1.2717	0.2498	2.2713
0.0303	0.0501	1.0296	0.0357	0.054	0.0372	0.0488	1.0994	1.1064	2.1178	2.1055	3.1681	0.063	1.0767	1.138	0.0875	0.0073	1.039	3.1079	1.1167	0.0506	0.008	0.075	1.0802	0.0989	0.0522	0.1283	0.1368	0.1314	2.084	5.1774	0.107	1.0629	0.0987	3.2536	1.151	3.0942	0.0845	0.1205	2.1354	1.1521	0.1715	1.1678	2.1483	1.1019	2.1771	2.2761	1.0718	0.0457	0.0522	1.1892	0.0619	2.0782	0.0441	0.1693	3.1014	3.2031	3.0953	2.2777	1.1736	0.0531	0.0623	1.1512	0.0283
1.0848	0.1043	1.0416	2.139	0.0097	0.0866	1.0682	1.0903	1.1146	0.0476	1.1231	1.1397	1.0529	1.2387	2.1154	1.1361	0.0745	1.0201	2.1729	0.0822	2.1013	2.0209	0.2017	2.126	0.1219	0.0443	1.1135	0.1731	1.1148	1.0488	2.2564	2.1321	2.1593	0.0918	1.0977	3.2441	0.0717	0.056	0.0227	1.0386	4.1593	0.0748	2.0895	1.1386	0.0696	1.2245	0.103	2.1776	1.051	1.0315	0.1517	0.0774	1.1357	4.2292	0.1541	1.2588	1.2399	1.0221	3.178	1.1231	0.0826	3.2175	2.1355	2.1953
1.0702	1.1074	0.0599	3.2265	0.1017	1.0378	0.0827	1.1819	2.0622	2.0841	0.0569	1.1629	1.1332	1.2685	2.1449	2.2046	1.0514	0.0681	3.0953	1.1556	1.0194	0.0065	0.0637	1.0807	0.1251	0.0503	0.0535	0.1088	0.1196	1.0711	3.1646	1.0964	3.1387	1.1135	1.0282	0.1844	0.0412	0.0578	0.0356	2.0728	0.1079	0.0074	1.0023	1.1126	0.1841	1.1061	1.0325	2.1399	0.2029	0.0826	0.1558	2.1821	4.2143	1.0691	0.1604	2.1445	3.1683	0.0588	1.1162	2.1013	1.1896	4.1442	0.1041	0.1563
0.0975	2.1492	0.1132	1.1462	0.1645	2.1492	1.1481	4.2648	4.1862	2.2097	2.1407	1.1173	2.0678	1.2127	0.1661	1.1511	0.1078	1.1661	2.1935	2.1526	3.1137	2.1694	1.2364	2.251	0.1687	1.22	1.2235	0.1894	3.2709	3.1228	7.3812	1.2375	3.1693	3.2821	4.1261	0.2391	1.1727	3.3296	0.2532	5.3536	1.2351	4.2779	1.1074	1.1797	0.1125	0.2469	3.1989	1.1288	0.1312	1.1384	3.2116	1.0889	1.1901	1.1533	0.1558	3.15	4.1768	2.3588	3.3191	2.1837	0.1184	2.1131	1.2843	1.0618
1.1902	1.1597	2.2106	0.2139	3.1638	0.1614	0.0892	4.1666	5.2101	1.2421	1.129	5.2373	1.1402	0.1692	1.1409	0.2201	1.1506	2.1195	3.1504	0.1856	1.0826	0.0727	1.0774	0.1514	1.1566	0.0692	0.0668	0.1579	2.1433	3.0982	3.205	2.2712	2.2281	3.1883	4.1561	1.1906	1.1858	1.0741	0.0958	1.2507	0.1019	1.1417	0.0903	2.1568	1.1139	4.187	2.2026	2.2866	0.1987	1.0537	2.2532	1.0769	1.1602	1.0594	0.1838	5.1469	4.2876	1.1566	2.225	2.3006	0.1852	1.1465	3.438	4.2741
0.0002	1.0826	0.0899	0.0128	1.0536	3.1871	0.0956	0.125	1.0013	0.146	2.1225	1.0287	1.0019	0.0123	0.086	0.0142	1.0707	0.1925	3.0855	0.05	2.1784	4.1739	0.2273	5.2769	0.059	0.1012	0.1888	0.1692	0.0851	2.1446	4.3313	1.1687	0.0619	1.1117	0.0771	1.0478	0.0437	2.1474	0.1067	1.195	1.1568	1.1087	4.1985	1.1056	2.095	1.1871	2.109	0.0554	0.0555	2.0745	1.1055	0.0065	1.1229	1.2155	0.0681	1.0716	0.0849	2.1356	2.1942	3.1416	0.0668	0.1313	1.0438	0.0426
0.0482	1.0253	0.1285	2.0554	1.0802	1.0559	0.0836	2.1094	0.0524	1.0415	1.1128	0.0847	1.12	0.0887	1.1966	2.0978	0.0495	0.0846	1.0122	1.0745	0.0457	0.0921	0.0533	3.11	0.0714	0.028	0.0049	0.0989	2.1911	2.1433	4.0783	0.226	0.0656	2.0269	0.0644	1.1243	1.0531	1.0788	0.0185	1.1908	0.0371	1.041	2.0735	1.2001	0.2422	0.0504	1.1024	3.2231	3.1252	1.2165	2.153	0.2488	0.0814	1.0744	0.048	1.1617	3.1168	1.2307	1.1603	3.2102	3.1902	0.0866	2.3011	2.1894
4.4065	4.2706	0.0608	2.1854	1.2009	4.1932	1.1322	0.2159	0.0664	1.0634	0.0426	2.1124	2.25	1.1785	0.1614	3.1239	2.1406	0.1871	1.0721	2.163	1.0804	1.0379	1.0709	1.1753	1.0439	1.0612	1.0784	1.2216	2.1632	0.157	1.1167	1.1491	2.0851	1.1528	1.0416	1.2158	0.0652	0.0681	0.0943	3.0746	1.132	0.0309	0.0822	2.1498	1.1658	1.1278	2.3144	3.2403	2.3093	1.2526	1.1107	1.1501	3.2218	0.1132	2.1076	0.1216	3.255	1.1414	1.1353	2.2416	0.2577	3.109	4.167	1.1169
1.1277	3.2042	1.0489	0.1089	2.2124	4.2121	0.1525	0.2319	1.0502	1.1272	2.1717	2.1586	0.0575	1.0998	0.1143	1.0824	3.1458	0.2729	2.211	2.087	2.1491	2.112	2.2537	2.1038	2.1392	0.1241	1.2034	1.1882	0.0808	1.0969	2.1812	0.1061	1.1544	3.2486	3.1362	0.12	1.2053	2.1945	0.176	1.1143	3.3181	2.2216	5.3472	2.2497	0.0892	1.0419	2.3464	3.2109	0.055	0.0837	0.1037	0.0378	2.1118	0.0602	2.0834	0.0241	2.2148	0.1351	4.4545	1.0924	0.0697	1.0409	3.289	2.0156
4.2672	4.1537	0.1116	3.1927	1.2844	1.146	0.0952	4.1542	0.0957	0.1083	0.0482	0.0604	0.1963	1.2575	4.2518	2.0992	6.3299	2.3033	0.052	2.2482	2.2024	0.0711	0.0399	0.1033	0.0587	0.1232	2.1247	0.1011	0.1343	2.1521	4.0958	0.1126	2.1342	0.1012	0.0829	2.1365	2.2477	1.1152	1.1438	2.0711	0.0596	2.1561	2.2019	2.2015	0.093	2.0746	1.2942	1.1565	0.2004	0.1211	0.0622	0.2204	5.2182	0.0855	1.1289	0.166	4.2271	4.19	2.2396	2.2479	0.1464	1.113	3.1657	1.0843
0.1105	1.0837	0.0552	2.154	2.1489	2.1315	0.1313	1.0875	1.1339	1.1518	2.0777	0.0695	0.1827	0.1108	2.1178	3.1547	1.0619	2.1722	2.0777	2.1654	2.0796	1.1343	1.1466	0.0327	0.0559	0.0598	2.2241	0.0973	0.0205	0.0224	1.0516	0.1129	1.0622	1.1001	2.238	1.1155	1.1388	1.0992	0.1082	0.0143	2.2443	1.0761	4.471	2.244	0.0865	2.0271	2.356	2.1184	1.0868	0.1065	0.0689	0.1162	2.0513	0.0308	1.0707	0.1028	2.0823	0.0736	1.2631	5.2211	1.0869	1.0976	3.1589	0.1939
0.0632	2.1133	1.1272	2.131	1.1335	3.1619	0.1575	3.1604	2.1064	0.0576	1.1842	0.1598	0.099	0.0638	3.2242	1.1821	2.0875	2.1501	0.1018	1.2096	2.1056	1.0748	2.1739	0.1014	0.058	0.021	2.1351	0.1814	2.0744	1.0483	0.1565	1.1329	1.1556	2.1742	0.1274	0.1292	1.1482	1.0901	0.0439	0.0872	1.2199	1.0946	1.1146	6.098	3.1981	0.0931	1.1606	1.113	2.112	0.0911	2.1661	1.0922	1.129	0.0863	0.0223	1.044	0.2022	1.1962	5.1359	0.211	0.0928	1.0763	2.2433	3.1829
2.099	1.1273	1.174	1.031	0.1357	0.0968	1.1647	1.1138	1.1264	5.098	0.1654	0.0998	0.0232	1.1942	0.069	2.102	2.2311	1.1657	3.1602	1.1085	3.1871	2.0808	0.1502	1.1523	0.1593	0.2084	2.0993	1.132	0.0364	1.1671	3.1504	1.1457	1.0851	0.1547	1.052	1.2175	4.1153	0.1293	1.1489	3.1332	2.1166	1.1351	1.0585	0.0933	0.0121	1.1931	0.1256	2.1632	0.0153	0.0195	0.0339	0.0313	0.2261	4.2779	1.119	1.1644	0.1046	2.0808	1.0413	2.2119	0.0283	3.2526	2.1114	1.148
0.0279	0.0572	0.1624	2.0937	3.0751	2.095	0.1187	1.121	0.1303	1.1342	3.1024	1.1994	1.1464	0.1879	2.1212	2.1597	1.1541	3.1187	4.2092	1.24	3.155	0.1518	0.1127	2.2591	0.0841	0.167	0.1551	1.0949	1.147	5.2267	3.1719	1.3345	1.0675	2.1259	0.0772	0.1614	1.2709	2.1628	0.103	2.1578	0.0628	2.1669	1.024	2.1067	2.1205	1.2383	1.0914	1.1032	0.0914	1.1928	1.1172	2.1207	2.2312	2.3369	0.1062	5.2995	3.1496	2.2138	1.0613	1.1119	0.1152	3.3432	1.1352	2.2807
1.1719	3.2524	1.0782	0.0791	3.308	2.2094	1.1514	2.132	0.1625	1.0844	1.1261	4.228	0.1678	1.1115	2.1727	1.1782	2.1762	2.2636	1.0987	3.1041	1.1013	0.0975	1.1284	2.0823	1.1491	0.1208	1.1562	0.1582	0.1154	0.1772	5.185	2.2055	2.098	2.1709	2.2228	1.2068	1.0877	2.0808	0.197	2.2812	1.1818	3.2008	2.1352	1.2212	2.1819	0.1302	1.3518	5.2916	0.1355	1.1057	2.1828	0.2415	3.1455	0.0383	0.1051	1.225	5.1621	1.2352	3.3003	3.3619	1.1579	4.1769	3.2915	2.3029
1.2082	3.1135	1.0834	0.122	2.1173	0.0844	0.1361	2.1626	1.1431	1.0731	1.0412	4.2521	0.0999	2.1252	1.1994	1.2427	2.0964	0.101	1.1248	2.0681	0.0591	0.0175	0.0763	1.0157	0.1193	0.1207	1.0534	0.109	0.1324	1.0902	4.1761	1.084	2.127	0.1666	2.0881	2.2388	1.1231	1.0229	0.0729	2.1579	1.1601	2.0315	1.0804	1.252	1.1833	1.1069	1.3344	5.3569	0.0943	1.0955	2.1818	0.2382	2.0956	0.0511	1.1174	1.1356	4.1927	1.1507	2.3421	3.3914	2.1944	1.1249	4.3628	3.2871
0.0116	1.085	0.0624	0.0507	2.1024	1.1481	1.1277	3.1845	0.0851	1.0638	1.0433	2.1395	0.1132	1.1214	0.1305	2.2048	0.0611	3.1928	2.0596	1.1332	1.0968	0.1467	0.1155	3.2249	2.073	0.1512	1.071	0.1843	0.0958	2.2702	3.1508	3.3456	0.0721	2.1274	0.0766	2.1297	1.0841	1.085	0.089	0.0971	1.1425	0.0637	1.094	3.1371	1.0938	1.144	1.3228	4.2263	0.0224	1.0713	2.1272	0.234	2.1664	2.2038	2.143	2.3439	1.1053	1.0756	2.2429	2.3579	2.1536	4.3221	3.2559	3.3496
0.0481	0.1529	2.1404	1.1456	3.1066	1.0924	0.1396	2.2438	3.205	2.2838	3.2146	3.1928	0.0741	1.1698	1.2402	1.1037	2.1136	1.1287	6.2837	1.2089	2.1701	2.2223	2.2127	2.1679	0.1357	1.2643	0.1887	2.2736	1.0669	1.2808	4.2309	1.1896	1.2126	3.1997	1.2587	1.1526	3.3147	3.2758	0.2164	2.1857	3.2074	2.261	2.0879	1.1385	2.1868	2.3016	1.2211	4.1805	0.1231	2.1161	2.2253	0.0795	3.2052	2.1947	1.3033	1.1702	0.2738	3.2278	3.158	3.2833	1.1922	3.1199	2.1625	0.1236
1.0749	1.0886	0.1514	2.1895	3.1874	2.1208	0.1293	1.0718	1.1088	1.1147	1.064	3.1899	0.0693	0.0557	1.189	1.2339	2.1031	2.1105	3.1148	0.2501	2.0749	1.0552	1.1807	1.0729	0.0418	0.1218	1.1055	0.1799	1.0814	0.0548	2.1893	1.0873	1.1443	3.1551	0.0825	0.0715	1.1398	1.164	0.0796	0.1106	1.0581	1.1043	0.0389	2.0824	1.1321	1.2623	2.1218	4.1837	0.1824	0.1603	3.1314	0.0368	1.1762	1.0387	0.0935	2.1211	2.2449	0.1531	2.1064	3.2272	1.2281	3.0557	2.2221	1.2107
1.1377	0.0234	3.2355	1.1163	0.0361	0.0643	1.0164	1.1104	1.2461	0.1926	4.2553	0.0822	2.1256	1.1031	2.0495	0.1317	1.0685	0.0457	0.08	1.0464	0.0477	1.0352	0.0431	3.1495	0.0778	0.0226	0.0717	1.0358	1.0924	0.1643	2.156	2.2132	3.2016	2.1074	2.3282	0.1724	1.1325	1.0233	0.1333	1.1704	4.265	2.1284	2.2107	0.0916	0.0737	1.0859	0.0733	1.0405	0.1063	0.0455	0.1338	3.0734	2.0697	2.1543	0.0177	0.1972	2.1947	1.1091	2.1164	1.071	0.1099	2.1365	1.1271	1.0953
1.0529	0.0338	2.2062	0.0006	1.0917	3.0859	0.1151	1.2266	1.1926	1.196	4.3358	2.0331	0.0217	1.0565	0.1271	0.0415	2.1152	1.1462	3.2313	1.07	0.1147	1.1401	0.1391	7.3568	0.1226	0.1292	0.143	0.1453	2.1608	3.3251	5.4418	4.4475	0.1567	3.1844	2.202	0.0735	3.2841	2.248	0.1452	3.3829	2.1719	4.3985	5.406	1.2164	0.1549	2.2014	4.1546	0.1147	0.0123	1.1556	1.1615	0.1031	3.1085	2.2607	0.1145	2.3483	3.1852	3.3261	3.3129	3.2211	0.1006	1.2348	3.2804	2.1292
0.0269	1.0632	1.0434	0.0613	0.129	2.0694	0.1188	0.0585	1.1207	1.1086	1.1251	3.1004	0.0539	0.1922	1.0854	2.0895	1.0947	1.1865	3.1396	1.1252	3.1182	0.1245	1.1292	1.0937	0.1435	0.028	1.1235	0.1163	0.118	2.1625	1.1083	3.2175	1.0371	0.0596	3.1712	1.1288	0.1064	1.0723	0.028	1.1114	3.0789	0.0385	0.1434	0.1184	0.0869	3.095	2.0874	0.1653	0.0432	0.0664	0.164	1.1058	3.1988	2.1557	0.1394	3.2501	1.1137	1.1428	1.0646	2.0985	1.1228	3.2502	1.1337	1.2184
3.244	0.197	2.2154	0.059	1.1323	1.0903	3.1041	1.2218	2.2017	3.0938	1.1636	0.152	2.0648	0.0756	0.0486	0.0586	1.1646	2.0608	1.1009	0.0574	0.0688	1.0332	1.1837	2.0917	1.1451	0.0452	2.236	1.1429	0.1428	1.0523	1.1681	3.2375	0.1765	3.0955	4.1821	0.0742	1.1423	1.1155	0.1712	2.1075	1.1526	1.1387	2.1941	3.2069	1.215	1.0525	1.1827	2.2168	1.1393	1.1951	0.1801	2.0571	2.0412	1.1212	0.1109	0.1584	3.0944	0.2587	2.184	1.1653	1.1487	1.1317	4.3014	3.2139
0.1509	2.2302	0.2136	0.1162	8.232	2.2927	0.2442	1.2176	3.1975	2.2734	2.108	2.1329	0.0558	1.1199	2.1069	0.1183	1.2394	4.3851	8.2383	3.1382	1.2176	1.2107	1.1977	4.2	0.2045	1.3277	0.1697	0.2271	1.1225	1.2532	6.3153	1.1675	1.2107	3.2193	1.2024	0.0884	4.3582	3.1711	0.3156	3.3228	1.1366	4.1537	0.0937	0.1594	1.1316	4.1753	2.225	1.1592	0.1103	2.1668	0.0647	0.0652	3.1974	1.187	0.1677	2.1935	1.1822	3.3259	2.1201	6.1745	0.097	0.1968	2.1514	0.1026
3.3452	3.2022	1.1606	1.1901	2.2704	2.1082	2.1206	0.2159	2.2471	3.1216	1.1807	0.2552	1.1379	1.0691	5.212	1.2347	1.0937	2.1658	1.2946	3.1275	2.1182	0.0691	1.0833	0.1211	2.1229	1.1498	0.1329	2.1496	2.1125	0.1791	1.27	3.1657	2.33	0.2182	4.1956	3.1937	2.1591	0.1042	2.1384	3.1681	2.26	0.1515	0.1316	2.1611	1.2124	2.2383	3.184	2.3388	2.1669	1.1717	0.1531	1.1345	2.1906	1.1175	0.2129	3.2297	3.2657	3.147	3.2158	3.3506	0.1812	3.2898	3.2698	3.3417
2.1094	4.2007	2.2073	0.1222	1.3047	3.1074	2.2772	0.1545	0.1993	2.1387	0.1592	1.1388	0.0473	2.0468	3.1731	0.1164	1.081	1.1344	1.2112	3.1344	2.0495	0.1957	2.2628	2.2211	1.228	3.1787	3.2971	0.1899	1.0799	3.2647	2.2699	3.3357	4.3522	1.3223	0.177	2.0739	3.1112	1.175	2.2259	3.2435	4.2446	1.2045	2.2951	2.1774	0.0902	1.2441	3.2481	2.2285	1.0902	0.1264	0.0346	0.0502	1.1348	2.2477	1.1321	4.3388	1.2467	3.2162	4.167	3.3017	0.1023	2.3187	3.2585	2.2344
1.0801	0.163	2.0873	1.1231	2.0984	1.2368	1.0713	1.1513	1.0348	1.1311	0.1877	5.2496	1.1037	2.1761	1.2457	1.2172	3.1138	2.1268	3.2519	2.2842	2.2205	2.1524	1.1332	1.2313	0.0575	1.117	0.1273	1.2617	1.1245	3.1901	4.2334	0.2081	0.123	2.0953	2.1397	0.1885	1.311	2.1681	0.1111	3.1865	1.1284	2.1385	0.1561	1.3175	2.2411	3.1806	7.359	2.3396	0.1436	1.1795	1.1738	2.1536	5.1912	1.177	0.268	3.1467	2.3255	2.383	4.2627	7.2915	0.2029	0.2056	3.3967	2.1748
0.1422	2.0629	1.1855	1.13	3.1484	0.1583	1.1591	1.1316	1.1195	2.2013	2.298	3.1014	1.0897	2.1266	0.1643	1.167	3.2104	2.2774	5.1829	1.1787	3.3266	2.3199	1.1366	2.106	0.0812	1.2506	0.139	1.1821	0.0909	2.2809	4.1388	0.0391	1.0591	1.1228	2.2091	1.1539	4.1959	2.2341	0.2374	3.1436	0.181	2.2885	2.2627	2.17	0.1296	1.1999	5.2861	1.1273	0.0665	0.0957	0.1291	1.0833	1.1812	4.2023	0.1079	0.1681	4.1814	4.1053	2.2034	1.2894	0.0711	0.0655	2.1968	2.2104
1.0391	2.125	0.1442	2.0528	1.074	2.0442	1.1815	1.1044	0.159	0.0421	1.1341	2.142	0.1415	0.0467	2.1767	1.0995	0.0671	1.0587	0.0491	1.0745	2.1367	1.1169	1.0078	0.1305	1.0683	0.0647	1.0778	1.1673	0.0973	2.1426	2.1639	2.17	2.2308	0.1145	2.1338	0.153	0.0522	0.0946	1.0863	2.0352	2.2643	1.0442	1.1109	2.1018	2.1859	0.1923	0.0854	3.1611	2.0663	2.1485	1.15	0.1838	0.0817	1.177	0.0757	2.2187	1.1361	2.1183	3.1858	0.2133	3.1232	1.1763	2.1742	1.1523
1.1523	3.1611	2.17	1.0995	0.2133	2.1018	1.1673	2.142	2.2187	2.0352	0.1305	1.1044	0.1838	0.153	1.0745	2.0528	2.1742	0.0854	2.1639	2.1767	3.1858	1.1109	1.0778	1.1341	0.0757	1.0863	1.0078	1.1815	1.15	2.1338	0.0491	0.1442	1.1763	0.1923	2.1426	0.0467	2.1183	1.0442	0.0647	0.0421	1.177	0.0946	1.1169	2.0442	2.1485	0.1145	1.0587	2.125	3.1232	2.1859	0.0973	0.1415	1.1361	2.2643	1.0683	0.159	0.0817	0.0522	2.1367	1.074	2.0663	2.2308	0.0671	1.0391
