1.3336	1.2972	2.7324	1.4379	1.304	1.207	0.6767	3.6124	2.6601	2.5521	1.5858	1.7603	1.4447	3.3908	3.9235	0.3301	0.2423	0.2367	1.3087	2.3373	1.1074	1.1308	1.0913	1.6224	1.6884	0.332	2.3006	0.7721	0.6551	1.4211	7.5003	1.9627	4.576	1.7346	1.8524	2.6388	0.4091	2.4039	1.5465	3.6748	0.5861	1.535	0.4501	4.4268	4.7791	0.7799	2.7216	1.4842	0.6247	3.5257	2.617	1.6098	1.379	0.336	1.7413	2.6608	5.8649	3.6785	2.6631	2.8324	1.4661	1.5451	0.8223	3.7021
2.9605	3.8753	1.5168	2.8579	4.0151	0.4484	0.4929	4.7876	2.6606	1.5573	1.1115	3.7578	4.0278	4.9906	2.83	2.9735	1.8204	0.6517	5.3885	6.9181	1.6892	2.3287	0.1428	2.4338	0.4439	0.2916	0.1679	0.4124	3.0861	0.8417	3.3688	2.6017	1.5521	2.4247	0.3851	3.7818	4.3113	1.1807	0.213	0.7969	2.2511	0.1137	0.0608	0.1765	0.5703	1.4741	0.4522	3.6275	4.7863	2.7113	1.7774	1.1918	4.9957	2.6408	0.4633	1.8667	2.7892	4.5391	1.262	1.7754	2.8227	2.67	3.7108	3.9245
5.0284	2.4884	1.608	2.6624	0.4383	2.5044	1.3141	0.3175	1.5106	2.2596	0.2404	0.4781	2.3539	0.2375	2.5257	2.696	2.5173	0.1966	0.3649	2.3467	1.2159	3.8617	1.1699	2.7905	1.4068	0.1627	1.4141	2.3491	0.489	3.4831	1.4416	1.9144	1.7539	1.3101	1.1553	0.2214	1.5006	1.3796	1.3791	1.134	0.3476	1.4427	5.9928	2.6503	1.6773	1.3721	0.2227	5.0676	2.5346	0.6574	1.3998	2.5907	3.521	1.4164	1.4542	2.8518	1.2433	1.6537	2.7773	2.8672	2.7115	3.0641	4.3003	11.5624
0.4269	0.4443	3.8	0.459	1.6329	2.6282	1.4126	0.4318	6.0234	3.9751	5.1314	1.7241	0.6711	2.4495	3.4353	2.2939	0.567	3.5942	3.6856	3.372	3.55	2.7789	1.9656	3.4935	0.6194	0.4457	5.081	0.8252	1.3691	4.4682	2.8743	0.715	3.725	0.9027	6.5439	3.4512	2.584	4.14	1.6557	2.7015	3.3783	5.0428	4.2189	3.8474	2.6207	1.9323	3.8792	2.6602	0.4151	1.2703	2.8644	1.5677	3.4638	3.5383	1.8639	2.7998	4.6077	1.6352	2.0195	4.6955	1.4559	2.5981	1.6151	0.7119
7.6028	0.5588	2.8934	3.8755	1.5192	0.3954	0.327	2.4776	3.1365	2.6058	4.0143	3.4443	1.5479	3.7153	2.8573	1.5984	2.8784	0.3835	5.7101	2.4392	0.6136	2.1838	0.2153	3.4354	0.4728	0.3441	1.4438	0.4144	1.914	1.4043	2.5466	3.6628	1.7941	3.4721	3.7274	1.6379	4.6604	1.4296	0.5338	1.6875	3.6309	1.7381	3.6068	0.6347	0.4007	1.6834	4.3943	2.8184	2.5172	0.3066	0.7357	1.7002	4.6555	2.4431	1.7043	1.9313	3.4307	3.6226	0.709	4.7326	1.4043	3.9453	2.7325	3.1974
1.6044	2.5076	2.6496	3.5311	0.6431	2.5406	0.4215	1.3723	1.9166	3.7367	4.74	1.7736	0.7033	0.4884	4.6844	2.4056	1.3842	0.5461	5.8876	1.4121	6.581	3.0733	0.9967	3.6107	0.376	0.9841	1.8671	2.5829	0.3504	4.794	4.8486	1.6997	3.7944	1.4706	2.9771	2.6464	1.5177	4.9217	1.8152	4.0021	4.9647	3.7171	4.0909	2.9962	0.3355	2.7114	2.7898	2.8303	2.3163	0.4567	0.4976	0.406	0.4887	3.7266	2.6412	2.8347	3.5961	3.8443	5.0877	1.6247	2.2533	1.7299	1.7769	3.675
3.3572	2.8903	0.3527	2.5341	0.6973	5.2461	0.4941	0.3278	2.4966	2.7537	2.2665	0.1713	1.1208	0.6766	2.3157	1.1725	2.9362	1.9544	3.5066	0.1888	4.0688	12.2293	4.5534	3.8842	1.7891	3.0174	6.3527	2.9146	0.3005	4.6611	2.7704	0.4463	2.6855	0.745	3.6218	2.5014	1.5687	5.5297	5.1133	1.6724	4.8882	4.5732	8.0442	2.7324	0.1261	2.8449	2.8165	1.3941	0.1515	1.1749	0.1817	0.0576	2.2161	2.082	3.9233	2.297	0.2665	3.5428	3.2433	1.3585	0.0183	2.4443	0.5348	1.0777
4.9333	0.3523	4.0195	1.4741	0.1017	1.4505	0.3614	2.5219	3.9178	2.88	5.9318	2.6114	1.446	0.2949	0.3175	1.758	1.5282	0.3651	2.4482	0.3071	1.4094	5.026	1.7305	2.6816	1.3321	2.52	1.5354	0.6047	2.4021	2.8258	2.804	5.8209	2.8955	1.29	7.019	0.5171	1.4145	1.7419	2.6257	4.8194	3.1378	3.8389	3.066	1.3661	0.3974	2.337	1.6208	1.577	1.4159	1.3045	1.8101	1.3151	1.7182	2.6654	1.3485	3.7979	3.3224	1.4096	0.9078	1.4123	1.5858	4.0733	3.4654	5.1959
5.9509	2.6563	6.2832	2.8738	3.7036	1.4609	0.4797	0.2066	7.4692	2.8706	2.6798	2.8437	0.1857	1.388	4.6218	0.772	2.018	1.2601	5.6073	0.1992	2.206	1.1629	0.2588	0.0538	0.6778	0.2342	1.3008	0.2732	1.36	1.1206	1.2486	1.1096	8.088	0.8541	2.2455	2.6411	2.918	2.2853	0.4507	3.3015	2.9007	2.4607	1.7467	2.8608	1.6032	0.3684	6.0566	3.1126	1.7158	1.2913	1.6833	1.2505	0.2887	0.2422	1.2972	1.2756	2.7989	3.4517	4.2195	5.1443	2.6098	0.2502	3.5389	6.0119
6.6688	2.8747	3.863	5.2312	1.6782	2.2038	0.2291	1.6952	3.9663	0.2031	1.3082	4.9283	3.0837	2.4064	3.6508	3.5618	2.7246	0.1663	3.189	3.6831	1.1489	0.0368	0.0396	1.2123	0.1784	0.0177	0.1047	0.2859	0.3874	0.2858	1.1643	1.6155	3.8057	2.2697	0.6281	1.7062	2.2673	0.1357	0.1532	0.3568	2.4825	1.2452	0.4173	1.5112	0.865	0.2009	4.6994	6.1303	5.3606	0.3998	1.7078	2.1905	4.7345	0.0623	0.2046	0.2158	1.6529	1.3845	3.7945	6.2458	5.3537	2.3573	3.5714	14.2217
3.7733	3.7891	3.6623	1.8993	1.4008	1.6262	0.2788	3.9928	3.7155	2.4217	1.7897	4.7597	2.6444	1.4275	1.9851	0.6093	3.4959	0.4157	0.3605	1.4077	1.3528	2.4273	0.1521	1.8693	0.3166	0.1481	0.2112	1.2038	0.8834	4.684	2.7834	5.7884	4.7961	1.4902	6.1204	1.8772	0.4286	1.0527	0.1624	1.3778	5.0545	0.1658	3.3128	2.7977	1.6558	2.1446	5.1121	1.6004	1.0748	1.6035	3.7184	1.4986	2.4932	0.4805	1.2706	5.5943	5.4105	0.2849	6.3137	1.7643	2.7433	1.3677	3.9848	1.4723
0.265	0.4755	2.6014	0.3851	3.5029	1.5496	0.5606	2.5159	3.7739	3.0239	4.9552	2.6399	1.4015	2.3187	2.0774	2.2465	1.5839	4.4424	1.8658	2.4472	1.6357	2.5987	1.4968	4.7705	0.618	0.2398	2.5784	0.3165	1.7823	1.6025	2.775	3.4564	1.4458	2.8052	4.8995	3.6636	4.6406	2.9768	0.3134	2.0201	1.6229	4.8993	3.5024	3.9325	0.8447	0.4191	2.7459	2.6116	0.4359	0.4107	5.0594	1.5619	0.5302	3.3013	1.4721	0.2645	6.7711	1.4049	2.0536	0.9747	3.424	1.2321	3.6503	0.3572
5.1506	1.8076	0.8999	4.379	4.0061	1.5702	1.1624	1.6392	1.8484	1.6579	2.5429	2.7289	8.9861	2.2153	8.0994	3.3811	3.5513	4.6306	2.6504	7.0608	3.9545	1.4275	0.2147	0.4278	0.3	1.1522	0.1366	0.2527	2.8688	2.4687	0.4117	2.8541	2.5547	0.2759	2.4919	1.0138	5.7886	2.349	0.2066	1.4666	2.3468	1.3676	0.2912	0.4865	1.6975	0.2605	5.6747	2.6966	1.0151	1.6564	3.955	10.2168	4.1136	0.6656	0.2549	4.8692	2.0359	5.6259	1.7831	6.869	3.2436	3.8059	2.1699	1.1889
5.9066	3.4134	1.5059	3.3218	11.2216	0.7363	2.4771	1.7682	0.803	1.265	1.2293	0.7802	7.2041	1.6103	5.9758	5.4448	2.267	7.6878	1.6673	7.5234	0.6955	0.2437	0.2164	0.1133	0.3704	0.1363	0.2273	2.3908	0.7121	0.2586	1.5564	2.8077	2.9832	1.2992	0.2974	3.0041	4.3805	0.1811	0.0879	1.4593	1.3386	0.232	0.0809	0.4361	3.6439	0.4144	5.6705	3.1905	3.0806	3.8007	0.5367	7.5052	1.7228	0.1055	0.2616	1.827	5.1419	4.4693	0.5289	9.3295	3.5252	1.6271	6.1804	3.4954
0.8563	1.2535	0.2075	1.9835	8.8917	2.1373	1.2621	1.4854	0.3216	1.3485	0.2135	0.4906	12.0257	0.6983	6.7328	2.3622	0.8714	7.8682	1.369	6.6169	1.8565	2.5062	1.488	0.4056	0.324	1.2909	1.4084	0.3366	1.6264	1.2766	0.6036	2.5596	1.3217	0.2092	0.1975	2.0747	4.2389	1.3663	0.3164	2.4766	1.3564	0.2306	1.2908	1.1276	3.6594	0.4144	9.9428	2.7421	1.3473	5.6374	0.4624	11.1432	0.8226	0.2877	0.114	1.6957	1.81	5.4358	1.0713	14.8005	1.2851	0.539	5.8404	2.6886
6.2714	4.4953	0.6788	6.1572	13.4079	2.0315	0.3545	1.504	1.4243	0.1184	0.1243	2.6836	12.8653	0.158	3.8007	5.351	3.4054	9.737	0.1336	2.9472	1.0865	0.3724	1.0196	1.2314	1.1744	0.0576	0.0118	0.1938	0.5873	0.0442	1.0945	1.6531	1.4872	1.2141	0.0942	0.41	0.1158	0.0412	0.0171	0.0744	0.1465	0.0016	0.1957	0.6206	4.7209	0.1126	6.469	3.1511	6.5312	1.8514	3.5243	12.6795	1.4479	1.2647	0.0425	0.4885	0.5857	0.0709	0.6327	11.079	7.3938	1.8037	1.0253	8.5309
1.298	1.9065	3.374	0.2364	2.668	4.1867	0.4394	2.603	1.458	3.0055	5.6194	2.87	1.2078	0.5151	1.4186	0.184	2.5355	5.0994	4.4107	0.4062	6.5274	6.8312	2.9932	2.6981	2.4799	0.8149	0.9397	0.7348	1.4036	5.9197	6.7243	0.3518	2.4657	1.3781	3.798	1.3462	1.6451	3.919	0.9471	6.7214	1.5225	4.7776	2.3678	4.1364	0.344	1.7229	7.6758	1.5601	0.3692	1.3437	1.372	0.1496	1.5902	4.0885	0.5893	2.3449	3.5282	4.6344	5.2188	3.6779	0.1345	0.3525	1.6022	0.066
0.2129	0.03	0.3915	2.0194	3.0471	0.0079	0.1227	0.258	0.3654	0.1075	0.5584	3.3963	6.6679	0.132	13.4888	2.0977	0.0421	0.0313	0.4763	6.2291	0.0119	0.0	0.0038	0.0076	0.0565	0.0391	0.1062	0.2484	0.0762	0.0469	0.5696	0.2488	1.4365	0.2242	2.4832	1.3958	3.2194	0.0075	0.1857	0.3806	0.7041	0.2672	0.8908	2.2687	8.1893	0.4921	26.0038	3.8088	0.775	3.1505	1.0775	11.4776	0.5085	0.0081	0.1542	0.3192	4.4188	3.3844	2.6456	33.8396	1.3623	0.3214	4.3871	3.1153
5.3297	6.3408	3.0223	0.6805	5.3657	3.2236	0.6467	3.0614	3.9064	8.219	1.5683	2.4778	2.5258	1.5294	2.5777	0.3697	4.3507	1.0937	6.0784	3.6439	3.9849	2.5922	0.639	6.7228	0.2941	0.7864	0.4034	0.3993	8.1866	2.7854	2.7178	1.5388	3.6898	1.124	1.4792	1.2678	4.1173	6.7049	0.4924	2.0989	1.4456	2.5693	1.1416	1.2978	1.5643	2.3828	1.3043	0.3143	1.9687	3.7003	5.5855	2.544	1.8046	1.4815	0.1005	3.5752	1.7209	1.7896	3.2115	1.3914	1.5574	0.2633	0.2615	0.2379
10.8864	6.4698	0.6507	1.5325	7.6472	1.2412	0.3944	0.2396	2.3336	1.4443	1.2721	1.417	1.2293	0.2941	1.5159	3.784	6.5077	0.6323	3.3257	2.6172	2.5049	0.1508	0.0543	1.294	1.1736	0.1933	0.225	0.4	0.2883	2.4045	1.5701	5.3221	0.5067	2.1913	1.2289	1.2979	0.344	0.2181	0.2615	4.7002	0.1293	1.2513	1.1727	1.6243	2.4131	2.4927	1.9401	7.0699	1.6316	0.2958	1.3281	1.4431	2.5683	1.2026	1.3195	3.0225	1.5925	3.7721	1.512	10.4828	0.7578	2.9861	12.4761	16.3763
0.3547	1.7539	1.3187	1.3456	4.0292	6.1308	1.6302	3.8387	2.4805	1.6366	2.5387	0.6184	0.4824	2.5878	4.5035	1.6766	2.5742	6.2648	1.3903	2.7955	5.8541	3.9387	2.6686	0.8829	0.5039	0.2382	2.6542	2.9361	1.5267	1.5674	5.54	2.1305	1.4437	4.7501	1.01	2.4158	0.5343	1.5608	0.4822	2.3916	2.9263	0.5577	3.861	4.7697	4.6908	1.6996	4.1351	2.6286	0.3687	2.9036	3.5375	2.7651	2.5361	1.7476	1.5492	2.6997	3.6082	2.5383	3.0195	4.8334	2.7786	2.7391	0.8557	3.8949
0.9776	1.4257	3.9155	2.738	4.2978	1.4711	0.3277	3.0337	5.0635	2.4688	2.7581	2.525	2.7909	1.6259	1.7299	2.5093	1.2989	2.3339	1.3442	2.5867	1.1897	0.412	0.3831	5.0777	0.3684	0.6203	0.4225	1.3419	2.4111	3.3724	7.5253	7.3072	4.1113	3.5459	4.9734	1.9018	0.4414	1.4064	1.5411	7.9525	5.9699	0.4169	1.5558	0.5442	1.4936	1.5905	1.6849	0.4953	2.5527	0.5519	2.6592	1.4187	1.5342	3.6589	0.6612	4.6185	3.1306	7.8974	3.8126	0.9153	0.4928	3.8841	5.9431	1.6152
0.5025	0.0541	1.28	3.0852	3.191	0.0007	0.036	1.443	0.178	0.0508	0.4874	2.0321	7.0237	1.135	9.001	2.9137	0.4649	1.0069	0.3301	6.571	0.0709	0.0002	0.02	0.1646	0.0946	0.016	1.0923	0.3711	1.5191	1.0175	0.4804	1.8115	0.4537	1.2591	0.2625	0.8627	2.3756	0.0047	1.2385	0.384	1.5125	0.4738	0.9608	3.4817	6.8556	0.6016	17.4892	3.007	3.7117	2.3506	0.8753	10.875	2.7667	0.2424	0.2791	2.8529	1.064	3.465	3.8895	22.0774	2.4969	3.2357	3.5249	10.2497
2.0845	3.8253	2.8848	1.3159	4.7303	1.8295	0.5389	0.4757	7.2515	3.0194	5.7155	2.4448	0.1646	1.2953	1.2942	0.3795	3.0884	2.6581	8.0399	0.1949	2.6487	1.3477	0.5648	2.4595	1.7185	0.6763	0.5316	0.3889	1.3403	3.3624	3.4985	0.4065	4.7265	0.9171	5.967	1.5028	4.0249	3.5925	0.7874	1.3973	1.8082	4.7615	1.5162	0.3292	0.2981	1.6141	1.308	2.3188	0.3743	0.1568	2.6552	0.1198	2.6128	0.253	1.4411	4.2777	2.3865	1.3199	0.6422	2.377	0.332	2.3109	0.4605	0.2363
3.0729	1.3983	2.5126	4.242	2.5091	1.0447	0.3054	2.7331	1.5388	1.2102	3.4408	0.6998	5.0464	2.569	1.4162	3.1798	2.5464	1.0983	1.7057	1.2286	0.1919	0.0081	0.062	1.0451	0.1626	0.0755	0.2663	0.2677	2.4658	0.1185	1.3355	3.4911	2.645	1.3784	0.1985	1.5511	0.4152	0.0905	0.0809	1.1748	1.4041	0.1976	2.1742	2.2622	2.6668	1.4921	0.1522	2.4912	2.9306	2.748	2.4766	5.2041	3.4687	0.1718	0.3312	2.7307	2.4907	0.3327	0.1247	2.508	3.0231	2.5347	2.5063	3.43
3.5895	1.6327	4.6675	5.0502	0.4387	0.4849	0.2299	1.9774	3.5435	5.1534	2.6484	0.6953	0.6002	2.9888	3.7249	3.7935	3.7502	0.3816	2.8757	2.5834	3.4567	0.2472	0.3024	2.6149	1.4449	0.5003	0.4094	1.4291	1.8123	4.6404	4.8114	4.2302	4.3644	0.4461	1.8347	2.7138	3.9284	3.4614	1.7798	7.0409	0.3434	3.7802	1.523	1.5167	0.4585	1.5981	1.9221	1.513	3.2079	0.4691	1.545	0.7278	2.8928	2.404	1.4737	3.8801	4.0478	6.6779	2.6041	1.8829	3.2115	1.5511	4.7705	3.5956
3.8558	2.8194	2.7349	2.7389	4.8492	1.8525	0.4961	5.0022	1.6167	1.8613	4.7157	1.3474	1.6	3.7154	1.534	1.8854	2.8084	7.9962	3.6936	1.7564	3.8404	2.2382	1.4217	3.3492	0.287	1.6098	2.7505	0.4378	1.5638	5.8547	1.6744	6.8376	1.4443	0.5976	1.609	2.5988	5.9509	2.7165	1.7125	1.4885	1.7829	6.7089	2.0695	2.6111	0.4282	0.3987	4.6344	1.5918	3.9605	0.5362	1.4938	1.4519	1.5858	4.0424	1.4534	6.0	2.6239	1.6884	3.6367	2.7191	4.229	3.1127	2.8522	10.0253
4.7604	0.3978	5.5718	2.5433	2.2734	1.5026	0.5373	2.5648	3.8863	1.9048	5.6554	3.8173	1.6035	2.5813	2.9969	2.6919	0.3655	4.5764	5.7778	1.657	4.7485	2.7534	1.6022	0.5079	0.3069	1.7961	1.783	1.4438	2.4125	0.7284	3.4761	3.7813	4.2266	1.4118	3.9413	2.0659	2.9401	3.8397	2.7806	5.9299	3.5739	5.9508	6.1802	3.0514	2.0028	0.5358	5.7427	0.8257	3.9149	0.5261	1.1032	3.572	2.634	1.6418	0.6286	1.3963	3.6502	5.8374	3.7569	0.6539	3.0969	2.5125	1.6988	4.4967
1.4646	0.394	1.6923	1.364	2.5106	1.3138	0.7201	1.5098	2.7318	5.7132	1.7375	3.8723	2.3163	1.5688	4.6967	0.7693	1.3305	1.4818	4.7764	2.6386	1.4969	1.7847	2.6889	4.7333	2.6722	4.6197	4.0845	0.9921	0.7179	2.9773	1.6324	4.933	1.5597	0.5941	5.7553	1.8628	4.5528	3.6733	5.9984	1.7052	1.8334	1.9815	2.1999	5.0997	2.7265	0.8536	5.1008	5.003	0.5527	3.5764	1.8253	3.4857	1.6198	4.1511	3.0509	1.8854	2.5327	3.8654	3.092	3.7198	3.6165	5.3964	1.8003	5.1448
0.6005	2.5617	1.5015	2.7862	2.7212	2.5431	0.3304	3.9136	2.5651	1.3611	2.4011	0.799	4.5274	2.8306	4.6256	0.896	0.6801	2.5121	0.5975	6.7014	2.5993	1.1994	0.2562	2.663	0.2994	0.3524	0.1858	0.3376	3.0796	2.6618	5.8693	2.6947	3.4089	0.5169	2.2937	0.5387	2.3847	0.4171	0.1699	2.5276	1.3025	0.2308	0.1563	3.4366	0.3197	3.6974	0.4925	4.214	2.4941	3.9113	1.6395	2.7817	2.784	2.6302	0.4897	5.2763	2.4006	4.6625	2.3847	4.1224	2.9139	2.1382	2.7288	4.2561
4.6495	1.5081	1.4821	2.6685	0.8417	3.6942	0.4357	4.6456	1.1524	1.9556	2.395	1.2556	0.3854	1.1003	2.3929	2.3461	2.6964	3.6169	1.6424	1.608	2.6479	3.1181	3.0861	7.1344	1.4277	1.9903	0.7918	0.6789	2.7343	7.355	9.5594	2.8827	1.3139	2.7517	1.3537	1.6203	2.5802	6.1009	1.8445	5.613	2.4774	5.7588	1.3999	0.7355	2.3851	1.7536	2.8895	0.5145	1.6532	1.7585	2.3035	0.236	3.5002	3.3299	0.8387	5.1287	1.7321	6.4889	4.6885	4.664	0.4468	2.5935	2.7581	0.4077
1.2191	1.2257	2.7283	1.4843	0.3063	0.305	0.1762	1.6295	2.7479	3.8163	3.6719	6.315	0.7897	1.7256	4.7024	4.2801	2.306	0.2624	2.5319	3.0251	3.503	0.338	0.2467	3.5789	0.2295	0.1724	0.1302	0.6832	2.7645	3.6935	4.6712	4.7149	0.2681	0.5256	6.5292	1.9887	1.4685	1.4878	0.3294	6.9257	2.4003	1.5369	0.3526	1.882	3.8179	1.9159	2.7531	5.6893	1.4414	0.3859	4.4487	4.9886	2.8706	5.5431	0.4627	3.8007	3.9023	4.6732	1.9699	5.2893	5.2432	5.3559	3.7078	12.4459
12.0872	2.7601	1.6115	4.9623	1.9797	3.8952	0.4778	2.566	2.6191	3.4419	1.8515	1.2608	2.818	2.6751	2.5528	0.0894	3.5888	1.9595	3.4781	1.5984	2.6768	2.8231	3.9092	2.5705	1.6714	2.9783	1.9687	2.3702	1.5485	1.595	3.64	0.0299	5.4029	1.5245	2.7826	1.4308	1.5377	4.5825	3.2048	1.4842	5.1183	2.7993	14.0974	4.2729	0.2639	2.1932	5.653	0.0267	1.4631	1.4278	1.3	0.2042	4.2938	0.6211	1.3954	0.1745	1.7323	1.5895	8.3702	0.2329	0.0419	0.0181	0.0786	0.0019
4.8938	2.7984	5.8189	3.1122	0.7212	3.9276	0.3759	2.934	2.2292	3.9162	4.8837	4.658	1.9912	1.8225	1.8472	4.9168	2.4885	1.4421	2.9215	0.8039	2.716	4.6043	1.4464	6.1003	1.4856	0.2165	0.367	0.467	5.2438	2.5473	3.4887	3.0362	6.1015	2.8536	3.8969	1.7479	1.6739	3.6221	0.2681	1.6271	4.0551	1.336	1.7679	1.3813	0.767	1.1256	4.448	1.4526	3.1118	0.8144	3.0524	6.0452	2.5586	2.7244	0.4298	2.6316	6.861	1.6933	1.5217	1.4106	4.9408	2.8579	1.5903	3.0352
13.9955	4.8405	4.6211	2.4974	2.2875	3.1126	1.3861	2.2414	2.761	1.803	2.568	1.6768	0.2448	1.488	3.7062	1.6108	5.3494	1.5455	1.8839	1.4356	5.0404	4.4988	0.8415	0.4123	2.389	1.4811	2.7954	0.5013	0.2219	4.3072	2.414	1.4217	6.0304	2.3836	1.8656	2.7142	1.5551	2.7263	2.5432	1.5027	0.7319	2.4585	1.7058	2.7697	0.5638	1.5596	5.6193	1.7472	0.5207	0.2672	0.4074	0.4197	1.3309	0.5022	2.396	4.5835	6.9905	2.591	0.5659	4.5525	0.3992	1.554	2.6494	1.5385
5.2658	1.544	3.0692	3.0599	2.5087	1.211	0.2131	1.4255	3.1569	0.2271	2.8329	4.841	5.2116	1.3759	6.9332	2.212	0.5284	1.1098	2.3539	4.6778	2.2419	0.053	0.1887	1.365	0.1354	0.0401	0.2668	0.4379	0.6429	2.2159	2.4433	1.7681	3.709	0.2147	2.9502	1.7246	1.2153	0.0853	0.1581	1.2325	1.6007	0.1389	2.354	1.4675	4.7891	1.5674	2.3661	4.1884	3.433	2.4883	2.8584	6.2508	2.5946	2.3675	0.35	3.0056	3.7178	2.2999	1.5372	6.1467	4.3194	1.9089	1.964	5.5647
0.0396	0.2534	2.2528	1.1095	0.23	0.4239	1.3059	0.3914	1.3668	4.8783	2.6318	2.6361	0.1917	1.1517	2.4524	0.2514	1.2866	0.5345	6.8006	1.3554	1.644	2.6613	2.9272	3.8956	1.5567	3.9819	2.0755	1.917	0.2967	3.3306	4.3479	6.7619	2.2051	1.365	1.8922	2.6463	3.6062	5.1219	1.2817	6.1125	3.5103	4.8908	2.831	4.269	0.4446	4.7788	2.5439	2.9152	0.2653	0.1984	0.584	0.2025	4.4938	2.8271	4.0159	2.9863	1.8814	2.3712	8.0096	1.9674	0.3478	4.8852	4.92	2.5646
4.1858	3.4317	1.8319	4.592	2.6863	0.391	0.3172	3.4697	2.0123	2.6522	4.6981	2.6349	7.0802	1.4892	3.3472	4.3052	4.9929	2.359	2.6429	1.9608	2.5627	1.1388	0.3365	1.3126	0.529	0.1018	0.4193	0.2426	1.6889	1.3809	4.4576	1.319	2.6993	0.4456	4.8318	3.8017	1.6122	1.4118	0.2985	2.5245	3.5177	2.7099	1.5476	1.7108	1.7881	3.5265	3.5197	0.7486	2.1499	0.7442	2.8161	5.8636	5.0737	2.4125	0.364	1.545	5.8156	1.6069	2.9543	5.0005	0.933	2.883	4.1173	5.081
1.2858	1.5111	1.7773	2.7556	3.6034	0.4658	0.6093	1.7065	5.9231	3.7694	2.791	3.8226	0.319	4.9265	3.8667	1.7394	3.6353	1.6703	6.8063	1.8034	1.5466	0.2084	1.3947	2.4308	1.7742	1.5293	0.4885	0.6375	1.6264	1.5894	4.9396	4.9945	0.8574	2.913	6.9667	4.7977	5.9259	1.4295	0.5912	1.8044	4.792	1.7738	0.6461	2.5615	0.3746	3.9067	2.6337	1.7729	1.6757	0.2903	0.8744	1.4878	2.8181	3.4154	1.7709	5.9604	4.2774	2.6774	5.9014	1.6595	2.0863	3.419	3.1062	5.0099
3.5453	2.6033	1.7366	1.6525	3.4496	0.3194	0.5294	4.5545	0.7233	2.7199	3.5897	6.9218	1.7901	0.3578	2.8045	0.7024	0.4796	2.202	4.8741	2.4721	1.33	0.1556	0.2721	1.4764	0.2293	0.3724	0.5095	0.6415	3.7	3.4287	3.1561	4.9265	2.6222	1.7053	1.4471	0.6526	2.5469	1.3472	0.2549	3.6882	1.6632	1.2652	1.4752	5.0737	3.9976	2.0672	6.9251	6.8904	2.9531	2.561	6.0052	0.8766	2.707	2.5424	0.6785	5.2704	3.8063	2.6055	3.8768	7.006	2.939	5.3712	4.3554	6.8476
4.0617	2.2556	5.5718	0.4984	3.5695	1.5285	0.5227	3.5164	3.2689	2.6118	7.2275	2.0236	1.4556	0.4905	2.4925	1.5209	1.5989	3.5158	2.5857	1.4381	1.4747	1.483	1.4555	2.4155	1.3855	0.3449	1.5683	0.3414	2.458	1.3776	1.7067	3.7251	5.088	0.8683	2.2823	2.3473	1.6467	2.4724	1.3318	1.7098	5.1841	3.4729	3.1818	6.1977	5.5944	1.3392	5.2424	2.3026	1.5869	2.466	4.6882	1.6788	2.3258	1.3136	0.3273	1.6258	0.7292	0.4186	4.9868	6.1386	2.1195	2.385	2.9379	3.7698
2.2558	0.4994	1.6103	2.2431	1.1697	2.6128	0.3119	1.8523	2.5851	2.4933	3.7208	2.5463	0.1862	2.5354	1.716	2.9249	0.07	0.2918	3.4621	2.5175	2.4047	2.4159	0.5733	4.6748	0.3432	0.3582	0.4617	0.5954	0.5854	2.6102	5.3074	6.3285	3.9825	4.7268	4.9485	1.8721	0.2096	0.7202	0.2833	3.6319	6.4523	0.3118	3.3228	2.4467	0.3814	1.6797	5.8671	1.5266	0.3158	0.4207	1.5062	0.6933	2.4246	4.3118	0.5897	4.5557	6.2095	1.6816	6.2652	3.9113	1.6422	3.8999	5.4272	5.2687
2.7638	0.2601	3.0179	3.8782	0.4207	2.37	1.2633	0.4958	6.1815	3.3936	4.111	4.2258	1.1564	1.1817	3.7676	4.1076	0.2324	1.1563	2.5603	0.3901	1.2571	1.0275	0.4307	3.268	0.4766	0.1178	0.4634	1.3099	3.5243	0.0448	2.5404	0.4503	3.9231	1.4098	6.3815	2.021	2.3319	1.2429	0.3843	0.3033	4.945	0.2932	2.9303	3.0237	4.9377	2.2476	4.1125	4.2242	2.9963	1.7118	7.0737	3.9309	0.2889	1.335	0.2731	2.4268	2.2776	0.3211	3.9354	5.7862	6.0699	0.7129	2.0327	3.8962
0.1824	1.3316	1.4321	0.2817	0.4825	1.4179	0.4598	3.4806	4.5223	2.6753	3.5056	2.7823	0.2677	2.3902	0.4124	0.5005	1.3754	0.3842	5.8418	0.2471	3.4251	2.1931	0.7822	1.4666	0.5942	0.3877	0.8991	0.5252	0.3917	3.58	5.1287	5.778	1.5148	2.7448	5.7038	1.7141	2.464	2.6935	0.4763	1.7728	3.7535	0.6371	6.9884	5.6159	1.3535	3.6227	3.1981	4.4935	0.1546	1.3799	0.5063	1.3279	1.4695	1.4914	0.6685	7.9395	2.8046	3.7019	5.9141	5.1015	1.346	0.7096	8.8901	4.4727
1.2914	2.2207	2.7733	0.5334	0.2477	1.1324	0.2596	1.7918	3.7283	2.681	8.2714	4.4467	2.3033	2.2027	1.9641	0.8156	1.4725	0.425	5.9576	5.3616	0.4077	0.1293	0.3184	3.2471	0.4719	0.3219	0.9375	0.2654	0.7566	2.3455	3.9309	2.4797	2.4575	0.3644	4.5309	0.7575	6.8031	1.4292	0.72	2.7958	3.0032	3.0537	8.0155	7.6965	2.0976	4.224	8.1531	3.9282	1.6434	0.4918	5.9597	0.6567	5.6475	1.3876	0.6804	2.7159	0.8093	4.676	4.5346	6.0566	3.5991	1.6335	2.0038	1.4816
0.7701	2.4358	1.576	0.1739	4.774	0.1917	0.3211	0.2969	1.6153	1.5292	3.7636	2.4817	1.2831	1.4989	3.4597	2.576	3.3757	0.5268	2.5853	2.2331	0.1675	0.05	0.0966	1.2454	0.2061	0.1776	0.6104	0.5134	2.1285	0.4626	4.9179	4.0779	0.684	2.4125	3.9197	3.5874	2.5519	0.216	0.5534	3.7052	5.9342	3.669	4.431	3.1527	0.54	1.5499	6.4334	2.7552	0.1189	0.1382	2.4933	1.5432	1.1963	1.0978	0.5362	6.3086	3.0449	1.6506	8.6424	5.137	0.3282	5.4863	3.7828	3.6527
4.6926	1.5149	0.2001	4.1625	0.2329	1.5347	2.3768	5.9729	3.3186	0.4437	1.2271	0.4315	1.452	1.8954	0.8614	4.0353	2.46	1.4671	1.2992	0.5777	0.4611	0.6062	0.425	6.7665	1.4521	1.477	0.4571	1.5418	2.7791	6.1453	6.8473	4.3963	1.6546	3.544	2.3472	2.6147	1.1529	1.5826	0.2637	2.0046	2.4372	1.3606	0.199	1.4364	1.3978	3.6201	2.4223	0.6799	1.7614	3.5703	1.3892	0.8652	2.8286	4.7936	1.6872	5.5787	2.949	1.7523	3.4875	4.6854	1.9522	4.4011	2.7598	6.3096
1.8716	2.4593	5.4595	1.6681	2.9514	1.168	0.3978	1.3127	6.5705	3.6494	4.3688	1.9075	2.5185	0.4349	8.8243	1.9275	4.8483	0.3817	3.9846	2.429	1.3131	0.0611	0.1146	0.2381	0.4689	0.2348	0.3714	0.2146	1.6152	2.2737	2.6643	3.5358	3.2962	2.6994	4.4906	5.9554	5.7961	0.1562	0.581	2.5097	6.3694	2.5332	3.7979	0.6066	2.409	1.3079	1.1434	2.734	1.5071	0.2896	2.7849	3.8221	1.5688	0.2633	0.1958	5.8018	3.1394	2.6257	4.8717	6.0677	1.8404	2.532	4.0707	1.2438
0.2742	0.2527	1.1917	2.5316	0.2418	1.3987	0.0508	2.4923	1.4679	0.2561	4.5771	0.4764	2.5524	1.7793	1.561	6.3627	0.1449	1.3211	0.1394	4.6316	2.2725	1.6787	0.0937	2.4415	0.0442	0.1041	0.1664	0.1942	2.4909	2.7394	2.3925	4.5627	2.4206	1.2693	2.5261	1.7252	0.2647	1.3632	0.0143	2.5645	2.8836	2.3877	2.9761	3.7065	0.527	0.2213	4.6533	0.7372	1.4138	1.36	1.614	3.3038	4.7685	2.327	0.3501	4.7444	3.5411	1.4612	3.9593	1.6154	2.1819	7.5741	1.9117	11.248
9.0479	2.7241	6.0896	2.1398	1.4584	1.3133	1.2407	2.6863	5.0114	1.3839	2.6984	4.2089	1.9054	0.1438	2.6297	1.9197	1.5346	0.5312	2.5824	0.2393	2.3439	1.2041	0.2805	0.1889	0.3034	0.1305	0.2266	1.1688	4.7149	1.2601	0.3149	3.6006	3.8334	1.1995	1.5735	0.495	0.4274	0.2017	0.1218	3.3135	0.3163	1.1939	2.4089	3.6177	2.9323	1.4245	2.7177	5.1872	5.5756	2.2162	3.1488	3.7476	0.559	1.2	0.1825	3.7014	1.4308	1.1545	3.7818	2.1466	5.0948	2.6132	2.9936	5.6377
1.7426	1.5791	2.9271	3.7524	4.7349	1.5492	1.5359	2.6687	2.8427	2.892	2.5886	5.0474	2.0319	1.8267	4.8967	3.9398	2.8412	4.6093	7.1437	4.4578	7.1709	2.7679	0.7312	1.7584	0.3001	1.5833	0.3545	1.8662	1.5534	5.9788	1.7472	1.4935	2.6339	2.5207	1.3337	2.9178	2.9843	4.0616	0.3911	3.5921	2.4938	3.4648	0.3673	0.5136	0.4632	1.947	5.5268	2.8808	2.796	1.7286	1.8888	1.5907	4.1443	4.1155	1.4353	2.8723	3.7622	3.1669	3.5547	3.4782	2.8247	3.8313	1.6614	2.5187
2.3805	2.5556	2.5853	2.9677	3.447	1.2318	0.256	2.7887	4.6918	0.2526	1.55	2.3518	4.9564	1.5159	0.4766	4.2423	0.6776	2.2405	1.2948	4.4682	0.3129	0.0549	0.1308	1.2725	1.3636	0.2703	0.3094	2.4381	0.8063	0.6256	3.751	5.9192	3.6209	1.5529	3.4889	0.5023	2.3308	0.2497	0.2752	0.6569	0.428	0.3789	1.302	2.5966	1.4068	5.5505	2.5976	3.2055	3.8689	1.4331	1.4763	3.3135	3.7626	0.2506	2.5666	6.2333	2.694	2.6067	1.5138	5.204	3.0464	5.2302	5.1411	10.3298
5.6481	0.6948	5.3079	3.8537	4.773	1.2497	0.3943	2.7086	4.8988	3.51	1.7896	0.5952	3.8448	1.3479	2.6463	3.1941	2.9658	5.2839	1.6658	3.7652	1.4875	0.127	0.1663	0.4061	0.3583	0.2178	0.1826	0.2435	1.4729	1.3425	3.5719	2.79	2.9337	1.446	3.3976	0.6635	3.5623	0.2889	0.2502	2.3971	2.5282	0.3146	1.1068	2.3994	1.4764	2.4808	1.4298	2.9455	3.9734	0.3941	0.5664	2.7006	3.7666	0.3358	0.2046	3.5902	1.9697	2.4565	3.5191	5.0911	0.8404	2.7245	5.3766	7.8653
2.3098	1.5688	3.6458	1.7335	2.5381	0.3021	1.4347	4.6848	1.5402	1.7587	1.7334	7.0755	1.6029	0.7663	4.7558	0.9557	2.4966	3.3471	4.807	3.1262	2.4043	2.2125	0.3536	0.5989	0.5366	0.5074	1.325	0.7518	2.6262	0.398	5.7838	2.986	1.7167	2.5963	1.497	0.6582	2.9681	1.6492	0.5065	3.805	2.5947	2.7152	1.4316	1.4432	2.7684	5.6312	4.8437	2.7916	2.7015	1.3844	2.0272	2.5862	4.6919	1.3536	0.6943	2.7251	1.7629	3.8872	3.681	6.9314	1.7004	2.6698	0.8975	3.7717
0.3448	0.2846	4.7212	0.3192	2.48	0.1537	0.3378	1.4641	3.6331	3.1021	6.1979	2.892	0.2251	0.576	3.394	2.7153	3.2665	1.3413	3.9709	1.4702	0.2273	0.0752	0.1008	2.403	0.2615	0.3342	0.3395	0.238	1.7383	1.2347	2.6188	4.7181	0.6279	2.3641	2.92	3.628	4.7331	2.1906	0.5411	3.9762	2.7501	3.5386	4.9025	3.1554	0.6081	1.3292	3.0167	1.9161	1.4247	0.434	4.2169	1.5005	2.461	0.3536	0.2615	2.5775	2.884	4.5276	3.0345	0.6715	4.864	1.3519	3.143	6.1669
2.9081	3.567	3.0059	3.1251	5.0799	1.3065	1.3737	0.5898	3.2371	1.3511	4.7752	4.2638	1.8237	3.6295	4.9607	4.4999	3.9966	1.5615	4.7644	2.7224	2.388	0.1958	0.1382	2.4044	2.5506	0.2481	0.2663	0.2993	1.5029	1.684	1.4128	4.8092	3.9388	1.6789	2.8909	6.9036	1.5179	2.369	0.3072	3.638	2.5477	2.3647	0.4996	2.8105	2.7982	0.5786	2.3395	3.8563	1.7467	1.5429	2.761	2.1202	2.9184	1.5284	1.3565	2.9426	7.0451	3.986	2.6077	2.1627	2.0302	4.0295	7.0956	6.2704
1.3121	1.2707	2.5525	2.896	0.1597	2.3039	0.068	0.5251	1.8407	0.2414	4.8957	2.708	3.691	0.6071	3.4455	4.4428	1.2341	1.1131	1.222	1.481	0.2214	0.2229	0.1599	3.2956	0.0936	0.007	0.1074	0.0907	1.4423	2.1589	1.1847	1.8404	1.5266	0.2935	3.8319	2.6835	1.4091	0.1298	0.062	0.4436	3.8906	1.6361	11.5143	2.7849	1.7259	3.2998	1.4745	1.6716	2.7486	0.3848	1.6997	5.0813	3.26	1.3057	0.1963	2.5486	2.4357	0.1943	3.261	2.5885	3.0478	1.3213	3.5432	15.6705
1.0956	2.3083	1.5009	0.2142	0.5757	3.9656	0.4945	2.5539	2.2015	3.9045	1.5773	2.2118	0.1983	1.321	0.7146	2.2871	3.5468	4.2506	4.7978	2.8384	7.2095	8.8718	3.1871	4.704	0.4032	4.4566	3.1523	0.9196	0.4391	3.0511	9.3506	1.8037	0.3964	0.4891	2.4246	0.1212	5.0434	7.6544	4.6419	4.0842	0.6444	8.6141	6.8168	0.344	0.1878	3.7728	2.5125	1.3962	0.201	0.5121	1.2342	0.0659	2.7245	3.4645	0.6802	3.3022	1.425	4.483	4.9854	4.3625	1.179	1.9422	2.5534	1.2592
0.1559	0.4217	5.5794	0.2693	0.6551	3.8048	0.3058	1.3549	3.445	3.5965	3.4906	5.0319	0.1479	1.2649	1.8697	1.5945	2.4364	1.6628	6.2563	2.6121	6.9116	4.8776	0.5886	1.5785	0.3513	0.3943	0.5951	0.6057	0.2501	0.912	2.6784	5.7837	3.5398	3.5875	3.1595	1.5419	2.4073	0.4848	0.4154	3.8033	3.1592	2.7783	7.3766	5.2619	0.5098	1.782	6.2727	4.2188	0.2899	0.3295	0.5756	0.452	2.8479	4.5783	0.6387	2.8783	4.8737	1.5864	7.3285	2.0053	0.6099	5.8679	5.1175	4.9894
5.4767	3.7479	3.463	4.1022	6.8426	0.4017	1.6206	2.6011	6.7574	3.4559	1.8738	4.8963	1.9119	1.4056	5.0795	0.5382	2.8364	4.4374	5.6075	1.7328	0.5286	0.1604	0.2601	0.3582	0.5224	0.4697	0.3303	1.4445	0.5733	2.5051	4.4856	1.2477	6.6139	1.8062	5.0853	2.6612	4.5596	0.3356	0.517	3.3668	2.876	0.4335	0.2937	0.4272	1.757	1.4566	3.7705	2.3845	2.1817	0.4661	2.8353	0.3084	3.7221	0.3018	0.3654	2.3511	6.1084	4.4434	1.5418	2.6008	1.5202	1.2919	1.361	0.2071
14.9299	5.082	2.1759	5.4691	2.2634	1.3746	0.2704	5.799	2.7999	2.4618	2.5644	1.7413	4.7969	1.53	3.7688	2.7385	3.5617	2.4497	2.3206	1.8022	2.8311	2.0751	0.0878	1.4288	0.31	0.0442	0.136	0.1162	4.2103	1.1515	1.2019	2.3923	1.6662	0.3828	1.4361	2.6208	3.4526	1.3608	0.1391	1.3505	1.3981	1.3313	1.1194	1.3693	2.7381	0.0894	1.3392	1.5813	9.1011	1.7898	3.6349	3.002	1.5481	1.547	0.1092	0.3767	1.5837	2.3553	1.3983	2.5207	5.9495	0.5894	1.2981	1.4357
3.8854	6.633	1.5713	1.5344	10.9961	4.6531	0.3012	3.0514	2.5415	5.6967	3.4624	1.6872	2.5568	1.4942	0.1953	0.3526	6.9839	8.8236	2.6582	0.5639	4.8203	3.9846	0.2956	5.7178	0.2614	0.3044	0.1844	0.0973	5.0209	1.5557	1.3252	2.5091	0.2852	0.3877	4.6317	0.1949	1.5693	4.4697	0.1636	1.5527	1.3275	0.2921	0.6415	2.5543	2.3407	0.3158	2.6172	1.406	2.4685	3.1344	4.3957	2.4086	1.6068	1.7244	0.0812	0.2193	1.3495	1.3571	0.5252	2.3407	1.3598	1.444	1.3078	1.3083
0.1929	2.3932	0.2138	1.4025	2.4542	2.5442	0.2266	1.7074	0.277	1.2363	1.3677	1.6136	1.3306	2.3368	3.8863	2.9043	1.2463	2.577	2.1395	1.3778	1.3897	1.6833	0.2378	6.0887	0.2359	0.3796	0.164	0.2852	0.5437	3.0572	5.498	4.3286	1.3308	0.2105	2.6682	3.7234	1.1339	3.2254	0.2899	1.6542	2.5982	1.0704	0.797	5.0733	1.7348	0.2357	4.5499	5.2012	1.3124	1.6824	0.5903	2.6845	2.4917	1.9407	0.4297	3.9637	4.8848	3.6742	7.2724	4.7491	2.5922	3.1731	6.732	5.1355
1.2613	1.3312	2.8033	2.3636	0.3624	2.5484	0.4709	3.8685	2.7803	3.738	4.3312	1.572	1.3524	1.6202	4.8603	0.3906	2.1341	1.7556	1.5537	1.3799	0.4665	3.1073	1.6283	5.4111	1.2787	0.6142	1.7312	0.4065	4.7109	9.6291	5.9498	4.4219	3.8496	0.5278	5.3659	2.8659	2.55	1.8987	0.564	7.9974	4.3942	4.9641	7.2445	2.2222	2.7949	1.5636	4.2856	0.5365	0.5303	3.6636	3.7984	1.6126	3.6099	3.1004	1.5265	7.4749	4.0304	3.6782	5.2992	3.7994	0.7679	2.9782	1.6077	1.6893
4.682	1.7652	3.0629	3.9341	2.0266	1.7852	0.564	4.6337	6.0324	8.0855	2.8894	0.6439	5.8809	1.6372	2.8077	0.3193	4.0129	3.1482	4.7952	3.7608	5.8663	5.1643	0.5336	2.2718	0.5474	0.666	1.4003	0.4822	1.7806	4.952	5.7044	3.0096	0.6573	2.609	6.8286	1.6158	4.7648	3.9528	1.4473	3.9485	2.5444	1.6144	0.4877	2.5627	0.6118	1.4901	0.5592	3.7195	4.0934	1.5055	3.0014	1.3734	3.0451	2.9056	0.4877	5.5678	2.5817	3.8162	2.4725	2.8792	1.6717	2.8653	2.5407	4.1836
0.1881	0.2505	3.526	0.4087	1.364	1.5484	1.6381	2.4042	2.5329	3.041	3.8607	7.1266	2.338	1.6843	1.6691	0.7699	0.349	3.6093	6.8843	1.6251	3.7611	3.1586	1.9174	3.9672	0.7483	2.8435	0.789	2.8175	0.5337	5.1503	6.8174	3.0595	2.2499	0.5364	3.164	1.5374	3.597	3.0924	1.7294	4.08	2.6191	2.8385	2.655	1.8973	3.6834	6.099	4.7986	3.2665	1.5836	2.522	2.9267	2.8815	3.7515	4.9971	1.9397	5.1242	2.6429	3.7015	2.7076	4.9223	3.3911	2.8412	0.829	6.2626
1.1312	0.1957	2.3345	1.6467	0.2425	1.1451	0.1986	2.4525	1.4004	1.3206	5.0427	7.2858	1.5859	1.0438	1.5203	5.3949	1.2259	2.3438	3.3159	1.7386	3.3519	1.405	1.2737	1.4698	0.1442	0.0827	0.3357	1.9071	0.3289	0.5206	2.7492	5.0516	0.3798	0.2218	5.1617	3.9443	0.1291	0.191	0.2153	3.3743	6.1908	0.3617	7.522	7.7258	3.135	1.0508	7.7207	8.9961	2.5664	1.4132	4.2129	2.3326	4.9651	4.8222	0.7824	2.5419	1.808	2.156	8.7121	3.9651	5.4459	10.5857	3.3699	10.1894
0.1906	0.0499	1.6285	0.158	1.1879	1.1887	0.3308	0.3182	3.6405	3.4297	5.6448	4.9355	0.1402	0.2031	1.8566	1.1669	0.1742	0.2483	3.6125	2.2408	0.3043	3.6368	0.8015	8.0778	0.2849	0.5693	0.7945	0.7308	2.3928	4.1905	7.6383	4.1465	1.3411	1.4855	9.5485	0.7792	4.3851	1.8332	1.7101	4.2686	5.2967	4.1723	8.0174	6.6998	0.3396	4.2684	11.6049	2.339	0.0848	1.2496	1.5824	0.1958	0.4024	6.1657	0.6738	5.7113	3.7148	4.2202	9.8977	6.1844	0.2398	4.3386	3.058	2.9026
1.8182	4.8105	3.7695	0.2862	1.9087	2.3625	4.1485	2.5948	3.3487	2.7346	4.809	3.8125	0.4643	2.4656	1.3666	0.4558	2.4509	1.6294	4.9293	0.4972	1.295	0.1563	1.6736	1.2921	5.9477	0.3134	3.016	1.9035	1.468	3.4812	2.6471	2.6711	5.9647	2.0014	4.2569	2.5196	2.5973	0.3388	1.5404	1.5753	2.8182	1.6481	2.5843	3.9019	3.5997	3.9883	2.8067	2.7843	0.4656	2.4626	1.6841	1.4376	2.7045	1.4324	3.7207	4.7824	3.8544	1.4502	0.615	3.5321	0.5375	2.7132	2.6612	1.6173
1.658	0.1427	2.8923	1.4392	1.1593	1.4202	0.2956	1.4758	6.1316	2.6351	4.8374	1.9722	0.3289	0.4234	5.8846	2.6782	0.2582	1.381	3.5994	2.4065	2.5643	4.4116	0.6405	2.5548	0.4782	0.3831	0.6158	1.8808	1.3492	0.5018	9.1016	1.9953	3.0459	1.3471	6.4423	3.8262	1.5235	2.5958	0.8635	4.9464	4.094	3.7106	2.0548	4.0207	3.7431	4.8647	3.7237	4.0336	1.139	1.4762	2.8676	1.6095	2.3668	1.742	0.5463	3.8286	3.8888	3.2194	7.5402	8.3748	1.6147	2.7272	4.375	1.9756
0.5979	2.7298	4.556	1.4042	1.3781	2.7405	1.8643	4.7722	5.0115	2.9236	4.6379	3.8735	0.4059	1.7485	0.4287	0.3415	2.4734	1.5847	6.0765	0.3872	1.8482	4.1651	2.9462	4.6526	1.0081	1.9061	1.7565	1.7071	1.7649	6.2419	7.0565	3.5345	4.6918	4.0785	2.9316	0.7921	4.6037	3.7545	1.0944	3.1832	1.788	2.7998	1.3881	3.473	3.6216	3.8613	2.6918	0.4928	1.5656	2.526	1.7373	0.2611	2.6869	3.0726	1.7232	5.9739	4.72	4.9683	1.5615	1.455	0.2936	1.5625	2.5302	0.4674
4.0122	2.552	1.6686	2.6276	2.6322	0.3327	0.4335	2.4493	2.7183	2.4076	1.4543	1.3742	0.3953	2.5487	2.6024	2.7518	1.2905	1.3537	2.5269	3.5478	2.2319	0.4672	4.6505	1.8094	0.3012	1.9796	1.7225	4.846	2.596	1.9929	4.8009	3.1205	2.938	0.5524	2.2554	0.4503	3.5165	3.6489	1.0481	4.8371	1.4927	1.8795	1.3234	2.5297	1.5093	3.9157	4.6396	1.7519	2.6242	1.3947	2.5403	1.5346	0.5275	4.7748	2.908	3.4144	1.72	6.8489	2.7247	3.0367	2.4836	3.1888	2.1129	7.5544
1.0441	0.4044	3.5279	0.109	2.2433	0.7347	0.6237	0.2446	1.2151	6.3838	4.1061	1.2185	0.0292	1.3993	1.27	1.1551	2.5591	1.6903	5.1216	1.4279	3.0137	5.1331	5.3114	2.9686	1.8111	6.9226	7.4542	1.0999	2.2545	2.9584	4.1216	2.3996	1.3856	1.7729	2.9913	1.2191	5.1956	6.7531	8.3775	8.0062	2.7048	11.8568	4.1205	4.3284	0.2962	1.7671	4.3773	3.1448	0.1299	0.1702	1.3794	1.0976	0.3857	4.8151	2.8029	0.4793	1.6588	2.151	7.2087	2.9031	0.198	2.3573	4.1483	2.4863
3.3327	2.6416	2.676	0.4709	1.708	3.9029	1.5888	2.7829	1.501	2.9204	4.0565	7.8199	0.4244	1.7017	0.5129	0.4409	2.2952	4.0764	4.824	0.4139	5.6938	3.2323	0.5886	4.0981	0.4065	2.6591	0.6141	1.4291	0.6866	3.8717	3.7668	4.8618	3.0276	0.5001	4.9128	0.647	1.6465	3.5557	2.4612	1.6121	5.4519	1.4126	6.4295	1.9705	2.5021	3.7233	2.9641	3.6448	0.4577	2.7538	3.8189	1.5156	3.8203	3.0815	0.4847	4.7096	1.7858	2.4064	4.1657	1.5877	4.6943	2.8366	2.6041	1.6911
0.4454	2.4327	4.7685	0.106	1.3474	3.1305	3.0119	3.3352	3.0022	3.986	5.2796	0.2903	0.0588	0.2713	1.3317	0.0265	1.2725	3.7118	3.8435	0.2643	2.6913	11.4403	8.4959	5.2496	2.7384	6.4294	7.0422	1.5587	0.3501	7.5744	3.7835	2.2976	5.9355	3.3498	3.6721	1.3193	3.7488	7.8661	3.4688	5.1564	6.8759	7.405	9.6969	1.6833	1.2216	1.6272	0.5865	0.1945	0.1139	1.3031	0.3478	0.0247	1.3068	5.4062	2.7763	1.3889	1.5445	2.5279	2.6387	0.0696	0.0966	1.3513	1.0709	0.0321
9.08	4.0328	3.8575	7.1779	1.9594	2.5309	0.5357	4.0089	5.5291	3.502	0.2407	2.8103	4.5238	3.2976	7.0896	4.2878	6.8218	0.8148	2.7945	0.674	1.4959	0.183	0.2859	3.4405	0.7579	0.2822	0.1788	0.4012	3.0095	3.2697	6.7085	2.8137	5.9385	2.5558	2.5185	7.0262	2.6198	0.2452	0.4003	3.6308	1.5282	1.3931	2.2745	0.5664	0.8427	3.5468	0.9216	3.846	2.3184	1.6821	2.9377	4.3699	5.0393	2.4866	0.4959	4.9146	10.2284	1.7088	2.9808	5.3724	2.9321	2.8094	6.4652	3.3834
6.1276	1.9387	3.9861	2.0018	5.8436	0.437	0.623	2.9893	2.914	5.7217	2.792	5.1863	1.8119	2.9422	3.8574	4.2847	1.5565	1.4329	4.8191	6.8468	1.3299	1.0487	0.2692	0.4818	1.5275	0.3609	0.4956	0.6306	0.8341	2.3594	5.9186	3.0513	4.0946	2.7382	5.9992	1.93	4.5412	0.1942	0.5814	3.7726	1.8805	1.4652	0.5738	2.604	2.8418	2.5252	5.8241	3.0687	2.0657	3.7336	1.7678	2.14	2.9378	1.4492	1.555	4.925	7.1302	1.5101	2.8975	6.0382	4.227	3.0393	3.1318	7.7717
2.2911	1.6069	3.6302	2.2311	1.3179	0.384	0.4175	0.4551	1.3366	4.7808	1.4731	0.4822	0.2908	1.1382	1.6862	2.2932	2.71	0.4174	1.3453	0.1602	1.5908	4.7737	1.2041	3.8013	0.1713	0.2943	0.2117	2.4506	2.5827	1.5758	2.5204	2.6315	2.4227	0.1856	1.5216	1.439	1.6046	4.5197	1.3271	3.6849	1.4552	1.4224	14.7711	1.8757	0.5595	0.3708	2.9437	3.6408	2.4234	0.3568	1.4886	0.4649	0.2722	1.7003	0.1686	1.4573	2.6705	4.6358	3.0493	2.7139	2.4259	0.4441	5.7552	1.5981
2.5522	1.9292	1.8053	1.6269	2.9116	7.0412	1.8297	3.9492	3.6612	1.8338	4.0175	2.5597	3.9383	1.4694	2.7062	2.8991	0.5913	8.112	2.8768	3.5567	3.7541	2.6655	3.0875	4.768	1.7142	1.8983	3.1992	1.3098	2.7338	3.6551	3.8494	1.7185	1.8669	0.739	4.6713	3.8062	4.6477	3.7266	2.8396	1.6083	2.0529	5.9097	4.1522	2.8465	2.6717	0.5422	4.7772	0.3906	2.8955	4.8492	2.7293	2.0072	3.5431	0.5959	0.369	1.562	3.656	3.6436	3.7607	1.6783	3.1298	0.4275	1.4525	4.8563
0.0003	0.0149	0.0092	0.0013	0.0861	4.9091	0.4642	0.2541	0.02	2.3197	2.4334	0.1119	0.0121	0.08	0.0187	0.0151	0.0217	4.1103	2.2865	0.0964	3.7831	17.8882	8.1792	8.6533	0.5566	6.9571	11.838	1.7399	0.2076	12.2018	4.6717	0.666	0.0015	1.3443	2.7568	0.0265	2.3341	7.4125	11.4675	2.1703	2.5366	10.2086	6.5749	1.6233	0.0119	1.5545	1.6885	2.5609	0.0021	0.2439	0.0198	0.0017	0.3137	7.9463	0.9008	5.5215	1.0762	3.8736	1.7023	2.3365	0.0364	0.6281	2.5822	0.3097
2.3277	0.6037	3.4877	1.7126	1.2645	2.7229	0.2824	0.3752	3.6341	0.542	4.7486	4.9319	1.3683	2.6988	0.3839	1.5383	2.485	1.3107	4.0969	1.3367	2.7729	5.0933	0.9629	5.0204	0.2435	0.3149	2.1565	0.8439	1.6126	10.0544	4.8449	2.1308	1.5801	1.3881	4.6556	1.5511	1.5374	0.5773	0.3589	1.7819	1.7157	2.8907	6.1254	5.2948	1.4558	6.3383	4.6746	3.441	1.4735	1.4402	1.6165	1.3663	3.6653	5.4705	1.9544	11.5104	2.265	0.5008	2.9963	4.7953	1.5575	4.7389	0.6537	4.3507
1.5287	5.3355	2.6755	1.5033	1.8944	2.5409	0.6059	5.9207	0.5264	3.6609	2.7891	2.5326	1.4649	1.482	1.8911	0.3805	4.6334	2.8677	1.7452	2.6677	4.8089	2.0805	1.4809	3.9509	0.5928	1.3146	0.5934	0.2638	1.8989	5.026	4.8448	3.5021	4.6399	1.1034	3.7147	0.6716	3.6593	2.6363	0.2503	1.698	4.8761	1.776	4.2493	5.0356	0.3005	1.3828	5.3562	2.65	1.6175	1.6572	1.3721	0.3778	1.7446	3.7038	0.284	3.5376	4.1101	1.4885	8.2877	1.8555	1.4901	1.4257	3.6014	0.3173
7.0946	5.4385	4.3428	1.7981	8.6868	1.4478	0.6504	2.6684	3.38	2.9156	4.7734	3.685	2.7346	1.8138	4.559	1.5442	4.9935	1.6904	5.1933	5.7174	2.506	2.2678	0.2986	1.4945	0.6058	0.384	1.5218	0.3765	3.5801	0.5041	2.837	2.6852	3.3967	4.6784	2.8963	1.6881	3.954	0.4525	0.5219	4.6203	4.9736	1.5575	2.5271	0.4241	1.6377	3.432	2.7444	1.6815	2.9602	0.5178	3.3982	1.4626	2.4015	2.3983	1.5266	0.8231	3.7123	4.6928	0.6697	5.0108	0.4413	1.4618	4.0077	2.7652
3.8955	2.4975	4.4724	2.2121	0.5154	3.9629	1.731	0.493	6.491	3.5766	7.6824	0.641	0.125	2.6184	1.364	1.3422	2.39	1.0333	3.6994	2.5703	3.9478	6.3558	2.9895	3.6604	0.9466	1.7777	2.5582	0.3755	2.4439	2.8815	4.5513	3.0683	6.5039	1.5364	8.9505	0.3698	1.6429	2.701	0.5046	4.6965	7.4983	2.5646	3.397	2.5249	0.5269	2.5784	0.4406	1.41	0.3969	1.6112	1.2686	0.2046	3.6127	3.9338	0.471	4.1185	2.5315	1.5948	2.2909	1.233	0.4402	4.0292	1.3735	7.7981
1.2799	2.3481	2.6897	1.397	0.1452	1.7548	0.3824	3.5807	2.7249	2.6505	4.8799	0.2308	1.0998	0.6454	0.306	1.3814	1.3701	1.5519	1.5218	0.2682	0.481	6.493	9.7306	9.3834	3.1471	3.772	6.2846	3.895	2.3073	5.093	5.5761	5.8259	3.813	1.8522	3.8671	1.6692	3.7252	6.2567	4.5179	3.2758	4.8221	6.1167	1.8301	0.7178	0.3779	4.9495	2.6099	1.5965	1.2518	0.1122	2.4083	0.099	0.3606	10.3986	2.6243	2.4083	0.5077	5.2457	1.7424	4.6199	0.0863	5.0737	3.6508	0.5904
1.2084	1.1449	2.8372	0.0175	0.2809	2.6881	1.318	0.2175	2.6353	2.3792	5.4789	1.1658	0.0338	0.168	0.0761	0.0012	2.4972	2.8845	2.5949	0.1233	3.8391	9.3806	1.7085	4.1507	0.5324	1.6735	2.4241	1.2282	0.2467	4.2292	1.1529	1.1912	1.3495	0.287	6.3731	0.1298	1.5523	2.8938	1.5756	2.1596	4.9326	2.5254	5.7035	0.2284	0.1597	2.2965	0.1919	0.0088	0.1695	0.1886	0.1075	0.0085	2.4312	3.9162	1.2681	0.2522	0.097	1.1232	0.1872	0.0159	0.0339	1.1667	0.0026	0.0314
4.481	1.558	2.6465	2.8338	1.6141	1.4824	0.1659	1.4525	1.3207	1.6265	3.9557	2.5632	1.5835	2.6338	1.6816	3.7863	2.7356	1.5909	4.5906	3.7481	4.5863	3.4767	0.278	2.9724	0.2163	0.4094	0.4979	0.2781	1.4884	0.6903	2.5432	2.5228	2.5966	0.2564	1.7058	2.8054	2.5483	2.7914	0.4449	2.3772	4.0357	4.5375	3.9911	1.6161	0.4929	0.4632	3.5528	1.5196	1.7892	1.3774	0.5219	1.5096	4.0397	3.5605	0.5115	0.5672	1.7016	1.5774	5.6725	1.4359	1.6354	4.9165	1.3584	4.7052
1.3501	0.5581	4.621	0.1815	0.8322	1.0046	1.8253	3.274	2.1176	10.4212	5.1153	1.3915	0.1604	1.3831	1.4112	0.1021	4.8031	3.9529	7.6668	0.404	6.3208	4.9315	3.1501	3.8036	0.8111	2.4051	4.3032	1.4412	0.1737	2.7002	4.9074	2.7894	0.464	1.9492	4.4559	1.3408	9.173	8.5602	3.9023	2.9639	4.779	8.7024	3.8354	0.6567	2.2138	0.6242	4.7485	0.2862	0.0857	0.2671	1.1377	1.1292	0.4774	3.7484	1.2838	0.5346	0.4865	3.0525	4.8312	4.3886	0.0719	1.3679	1.738	1.4307
1.6672	1.4165	3.5316	1.7724	2.251	1.3353	0.1363	1.6867	1.7631	1.3886	1.1979	1.5705	3.7609	0.5163	5.4603	1.9009	0.4296	1.1965	1.2531	2.4674	1.3401	1.0565	0.0896	1.3698	0.1188	0.2001	0.1517	0.0681	2.573	0.325	1.4944	3.585	3.5803	1.4447	0.4136	0.6969	0.4816	1.2399	0.1213	3.2382	2.3716	1.1799	1.0668	0.1526	3.4138	0.0592	0.3395	0.4441	2.7113	1.4152	0.8512	6.7078	1.2984	0.2525	0.1993	1.4948	1.8623	2.4286	2.3947	2.2795	1.9573	2.3967	1.619	2.9383
0.2899	0.1846	2.4386	1.6176	1.2825	0.2805	0.0891	1.4122	1.6636	1.3431	2.4206	1.5735	3.4541	2.5005	3.5271	0.6718	0.3729	2.3387	2.4661	2.4603	2.4905	0.2522	0.1907	1.357	0.133	0.3014	0.1203	0.0744	1.5374	2.2919	0.2986	2.5646	2.3712	0.1574	0.4945	1.5213	1.3019	1.266	0.0316	1.2522	2.218	1.0831	0.3513	1.6201	1.2125	0.1128	3.5844	1.9469	1.4909	0.3558	1.5076	4.5528	2.2925	1.3035	0.129	2.668	0.52	1.0729	3.5065	3.641	1.703	1.4878	1.8099	4.0592
0.6112	2.3742	2.2737	0.3433	3.6553	0.4604	0.2416	1.254	1.1807	1.5136	0.2561	3.4019	0.248	1.4656	1.4125	2.589	3.5082	1.7907	2.6162	2.5244	4.5909	3.5849	1.6035	0.6089	0.1627	0.6084	1.3766	1.7479	1.2183	1.3533	3.549	0.7234	1.2587	1.2219	0.3373	1.4798	0.6494	3.7945	0.6082	1.5503	1.3548	1.787	1.4413	3.4802	1.3302	5.7153	4.0737	4.2627	0.2399	0.2398	1.1246	1.4144	2.682	2.5472	1.3865	3.4554	1.6009	2.5428	3.7225	6.5143	0.4489	1.6958	5.2914	5.5248
0.2426	1.2534	1.1313	1.3862	1.3018	0.1645	1.1567	2.4054	0.1509	0.2314	2.4916	2.6701	1.4264	1.3127	1.428	0.4697	1.1487	0.202	0.086	0.3164	0.0891	2.7128	2.5734	2.7077	0.2734	2.7326	2.2417	0.5142	2.3321	2.7333	4.6844	2.8995	1.1959	0.1217	1.6401	0.3684	0.0482	3.7905	1.4921	2.8098	0.5535	3.5979	4.0429	6.1204	4.564	1.42	3.2149	3.2332	1.4272	2.2881	2.509	2.555	0.3144	1.6034	0.5351	4.6856	2.3491	2.7637	5.5469	3.1039	0.4574	1.697	4.4556	4.9002
0.5251	2.4484	1.1069	0.4456	1.3862	1.3206	0.094	2.4447	1.4228	0.1956	4.6163	2.7923	2.5672	0.2945	1.3568	0.357	1.3036	0.3834	3.3868	0.3057	0.4113	3.8106	1.3812	4.6252	1.4629	0.1726	0.3984	0.2047	2.3569	1.8502	2.2808	1.2613	1.3171	0.0722	1.9017	2.3979	2.1572	2.4001	0.2991	0.353	0.6256	1.2426	2.9507	5.1241	2.5397	0.4071	5.2598	3.9467	1.3779	2.3418	2.5153	1.4182	1.4103	2.77	0.4621	0.4369	3.1674	2.4761	1.7822	4.0003	0.3243	2.5641	2.6604	1.4531
3.8491	1.5653	2.8985	1.5748	1.4122	1.4136	0.4947	1.4594	3.8163	3.748	1.402	2.5639	2.7603	1.352	2.4047	0.2112	0.7012	1.2025	1.4758	1.1496	1.4614	1.2152	3.2552	0.6776	1.4746	0.241	0.1295	2.555	2.4561	4.3867	1.3948	2.0049	2.6901	1.4267	3.5858	1.5195	0.5024	3.5833	0.4703	2.4616	1.2282	1.5908	0.298	1.3551	2.7152	1.4615	1.3391	2.6145	2.6599	0.5868	3.4763	2.5035	2.3562	0.4749	0.174	5.7323	2.4614	1.3398	1.2911	1.6556	1.4552	1.7301	1.6113	2.9423
2.7565	1.7627	1.297	5.1938	3.3961	2.7027	0.3829	1.6768	1.5525	0.0956	2.4092	1.5002	4.6226	2.7387	1.8684	4.529	1.6267	2.1611	0.1941	1.5245	0.3871	1.3452	2.3377	2.6118	1.4091	1.2506	0.1443	1.6806	1.5497	2.5834	4.5038	1.7689	3.7546	2.3262	0.394	2.3561	0.3959	0.2549	0.1194	1.3651	2.7542	0.1636	2.2589	1.4401	5.7358	3.5412	2.6537	1.955	2.8743	1.7244	3.6571	4.6455	2.5411	2.4353	1.6363	4.7566	2.0215	0.4919	1.7868	9.2431	1.1223	2.6379	4.5027	4.3913
0.4113	1.4166	0.2818	2.6618	2.4788	3.4889	0.429	0.366	2.3765	0.1754	1.2815	1.2763	5.4346	0.5952	0.464	3.7315	0.5451	2.1827	1.3505	1.576	1.5763	2.1416	1.2097	1.3361	2.3759	0.0506	0.1378	0.3927	1.2814	0.0908	1.3611	0.2649	3.4285	0.5147	0.1711	2.7361	0.2002	0.1919	0.0773	0.044	1.6343	0.1092	2.2624	1.2778	2.3861	1.383	2.3207	0.3992	0.5287	2.6077	3.3067	3.2801	1.3991	0.4334	1.2398	1.2489	0.5222	0.1782	1.6127	3.5712	0.575	2.2112	1.7376	1.4182
1.2531	1.3547	3.3134	0.3331	0.2463	2.3652	0.4323	1.7281	1.4236	4.5844	0.3678	4.7652	0.2474	0.3045	1.4914	0.5394	1.2984	0.3429	4.6093	0.4929	2.4878	4.7875	1.8774	4.8101	0.4644	1.9099	0.5055	0.6218	1.5914	1.848	7.9232	2.5852	2.357	1.473	1.5788	0.3119	2.678	4.9206	0.7485	4.7103	0.3858	3.4431	0.2258	0.2716	1.4097	1.5293	1.7215	3.4673	1.3449	0.3426	1.5895	1.3783	1.3284	1.8528	0.4614	2.6228	3.4439	4.3627	3.3347	2.4635	1.4049	2.644	2.5455	1.617
1.4794	0.2735	0.5624	4.8554	0.3897	2.3252	0.3011	1.4133	3.7658	1.1985	1.4315	1.4807	2.6411	2.4489	2.8734	4.1447	1.3786	1.2642	1.3197	1.4404	1.2344	2.2528	0.1024	1.5725	0.3865	0.0695	1.0823	0.3331	1.6382	0.1823	2.4096	2.5836	2.4195	1.2626	2.3729	3.9404	1.2577	0.1399	0.0866	0.1692	2.4968	0.1047	2.3715	2.4848	0.6551	1.3454	1.4324	2.7865	1.8928	0.2851	3.6349	1.8585	2.501	0.1003	1.3705	3.5648	4.6927	0.2806	2.923	1.9246	2.7529	3.56	3.1995	6.5482
1.0764	0.2927	0.3735	1.3548	2.379	2.2203	0.4985	0.4789	1.3272	1.3322	2.5955	1.475	0.2876	2.4069	2.4582	2.7575	0.2555	2.3156	2.3549	1.5267	1.2874	0.2049	1.2557	1.463	1.2958	0.2246	1.3135	0.7576	1.4292	2.3473	3.4621	1.8813	1.2102	1.311	1.378	2.4551	1.2325	0.2627	0.2747	1.3418	1.4792	1.128	3.6182	2.5368	1.512	2.3934	1.6985	4.1471	0.5576	1.4956	2.6652	1.3637	1.5421	1.4863	1.5619	5.7268	3.6161	0.4269	1.6525	4.9842	2.843	2.972	3.0867	6.6011
1.1017	0.2578	1.2402	1.4998	1.3808	1.0873	0.2259	0.5434	1.2465	2.1499	1.3862	1.5559	0.3203	3.217	1.5663	3.0628	0.1899	2.2309	1.342	3.6409	2.1699	0.1127	0.0738	0.4207	0.1806	0.0798	0.2642	0.3301	1.367	0.3108	2.7148	3.821	2.2625	0.2922	1.3634	1.4199	1.174	0.1469	0.1549	2.3292	2.1367	1.2012	0.3706	2.516	1.3679	0.3539	2.4216	3.2263	0.5751	0.4556	3.6101	1.606	2.6673	1.3667	0.3511	3.6072	1.9524	0.3726	4.4472	2.9718	3.2336	3.9841	3.0573	9.5391
0.4176	5.392	1.6643	0.7514	2.5001	1.3883	0.733	3.9546	3.768	3.6564	2.6319	0.421	2.2433	1.5603	2.8387	1.507	2.5669	0.6638	2.426	3.5859	2.3383	0.2634	0.4026	3.5823	0.7793	0.5339	1.3507	0.497	1.6811	2.7629	8.791	1.9592	3.8698	1.9533	5.0912	1.5407	3.9138	2.3677	0.5442	5.6568	3.8567	2.3757	0.6872	0.1942	1.3853	1.3006	0.6394	1.2692	1.3822	0.6502	1.3776	2.3433	0.5259	2.5436	1.5091	3.069	4.0669	5.9033	2.4578	3.5494	0.4397	1.806	2.5734	1.545
0.0751	0.2468	0.2015	2.1632	1.1374	1.1165	1.3115	0.287	0.1066	0.2057	0.218	2.4734	1.2728	1.464	2.6296	2.6574	2.2404	2.2994	1.4819	4.668	1.2347	0.1119	0.288	1.1008	0.1325	0.2003	1.2784	0.4062	0.1862	0.2905	3.6425	0.4985	0.2556	0.1386	0.2136	0.6943	6.4728	0.1276	0.1539	0.5746	0.2984	1.3552	0.2009	1.2938	1.2878	0.7187	4.6212	3.5701	0.1239	1.2468	1.2483	0.5059	1.8823	1.4172	0.4089	1.4625	0.7653	5.5672	2.5066	5.9381	0.3928	2.7262	3.6871	1.6421
4.0243	1.8656	1.674	2.3129	3.0869	2.5723	0.2975	3.3171	1.6421	2.5841	2.2579	5.6616	1.8334	1.4295	0.4577	1.3779	1.7381	3.6449	3.5372	0.5858	3.5085	0.2934	0.1971	0.1364	0.2316	0.1722	0.2079	0.3173	4.427	0.1708	1.2463	0.2092	0.4605	1.1881	0.4023	1.388	1.447	1.0422	0.3123	2.3029	0.3096	1.0473	0.1224	1.3107	3.9032	1.2496	1.4202	2.46	3.748	2.6968	5.4521	0.8289	1.4474	0.227	0.1143	1.3846	1.3048	1.3005	0.1949	1.6389	2.5323	0.26	1.2998	0.3098
2.8721	2.681	1.4175	2.3202	2.878	0.4656	0.2506	3.3096	0.2918	1.5429	2.3826	2.2756	0.7082	2.4654	0.5406	2.2886	3.6956	3.5966	1.3058	1.576	2.3832	0.3589	0.1801	0.376	0.2405	0.2655	2.2068	0.6086	1.4912	2.4898	3.2899	0.2771	0.322	1.2061	0.3804	1.4249	2.5323	1.254	1.5376	3.3421	0.3625	2.4209	0.4874	2.6286	3.4288	0.4319	4.9085	1.8005	2.4463	0.6031	3.4435	0.6817	2.518	1.3375	1.3373	0.4819	2.532	4.4679	0.7003	3.855	1.5465	0.1939	2.6665	1.4378
0.5414	0.4219	4.4664	2.6739	1.483	0.1635	0.3066	1.5508	2.0268	5.4157	1.5198	5.797	1.6817	1.622	0.7561	3.7365	2.4397	1.2922	3.6669	1.6118	1.3793	1.1164	0.2196	1.3212	0.2904	0.4092	0.2851	0.4895	2.5356	0.3067	4.7485	2.5076	2.658	0.3268	2.7361	0.8878	4.5722	1.29	0.5012	4.5235	1.5379	1.2781	0.3604	1.8514	3.7369	1.3362	4.9885	3.1434	2.4711	1.4399	3.8559	2.7201	1.3469	0.2839	0.3115	2.7038	2.7544	3.7575	2.8521	6.1746	2.5325	1.3836	5.2225	2.1784
0.1922	1.2685	0.1592	0.2029	4.4895	1.3439	0.3919	1.3465	0.296	3.3758	0.4819	2.5032	0.2909	0.303	3.768	2.3727	0.485	4.5732	2.2794	1.3792	1.5887	0.4233	0.16	1.4188	1.1892	0.544	1.2542	0.4639	2.314	2.4469	3.611	1.6175	0.1917	1.5022	2.5692	1.5804	3.5543	0.6124	2.5212	4.5045	0.6119	3.445	0.6431	1.8516	2.6728	0.2738	6.2112	2.987	1.1658	0.4399	1.6489	3.5721	0.3963	1.317	0.2119	1.5123	3.7502	3.8351	4.118	7.2185	1.5516	0.42	5.1125	0.8377
0.3309	2.2852	2.4351	0.5241	1.5427	1.5614	0.332	3.7182	2.7109	3.7088	3.6663	3.7277	0.3877	1.5451	2.677	1.5002	1.507	2.7383	5.6858	2.5389	1.6581	2.4903	0.29	1.6904	0.3457	0.6903	0.3947	0.4738	3.4337	2.8728	5.6949	1.7066	3.2348	0.5187	0.9753	1.6554	6.6075	0.4408	0.8356	6.6858	1.4614	3.5068	1.9009	2.0665	0.6922	1.4971	6.4132	2.6463	0.4315	1.7004	3.5146	1.3995	2.6955	1.669	0.4801	1.6456	1.7278	7.8241	2.8279	4.9305	2.5217	0.701	2.6317	1.421
0.0259	0.2083	0.1511	0.0655	1.2985	1.606	0.3946	2.4332	1.2659	4.6509	2.312	1.3561	0.0523	0.2421	0.2407	0.1952	0.2128	2.7467	5.3412	0.3189	3.3729	1.7493	0.5316	2.7061	0.2137	0.862	1.6785	1.46	1.0812	1.9522	4.7013	2.487	0.0634	1.3274	0.6047	0.1847	2.8279	3.5902	1.7773	3.4648	0.3811	4.5606	2.6315	2.8145	1.4629	1.3756	2.1211	3.4373	0.0226	1.2942	2.3347	0.0973	1.1193	1.4451	1.5575	1.6348	0.1923	2.7583	3.8674	2.731	1.1514	2.2865	2.6463	0.5723
0.033	0.1038	0.2267	1.0785	2.0823	0.0975	0.2241	1.1925	0.0642	0.1658	1.2726	1.5635	0.0756	0.2637	2.647	2.6046	1.1464	2.1462	1.3256	0.3914	0.2309	1.2041	1.5047	1.3958	0.1699	1.3942	1.364	0.6731	1.212	1.3303	3.6114	2.8975	0.0821	0.1112	1.1836	1.7624	2.1253	1.3365	0.3755	1.5049	1.3085	1.1685	1.307	2.8262	2.2201	2.4061	2.2447	5.4064	0.1776	1.2293	0.3526	2.3816	0.5477	1.6556	1.4963	3.6151	1.6011	2.6137	3.8366	7.2757	0.5956	3.2014	7.2728	5.3358
2.3461	0.3925	1.5808	2.4699	1.5441	1.1753	0.3356	1.4579	0.4269	3.4221	0.6477	2.2179	1.4079	2.2948	2.7453	3.0321	2.3963	2.3253	1.3708	4.1775	3.3371	0.357	2.3684	0.7954	1.2311	1.5919	1.4253	0.7546	1.2518	2.7386	5.0157	2.9281	1.7893	0.4788	1.3563	1.4976	3.7296	2.5549	1.7361	5.8451	1.7111	3.7568	2.4362	0.5495	2.2628	1.6274	4.7593	0.8159	0.2383	1.292	2.3451	1.3004	1.3699	1.6957	0.5176	3.847	1.7354	6.2917	3.9945	5.9562	0.2358	0.9127	5.6136	6.1852
1.5588	0.3133	2.705	4.5367	2.341	1.2888	1.3994	0.3627	1.4014	1.8959	2.707	0.2833	1.6373	0.4209	3.5669	2.4246	2.5677	2.2978	1.4915	1.4081	2.2862	0.4565	1.5462	2.7197	0.4002	1.2721	2.4688	1.5263	0.3634	4.5698	1.4417	1.6828	2.2119	1.4017	0.3478	1.5252	1.5004	2.5824	2.492	1.6504	1.3996	3.5843	2.559	1.468	0.4257	1.4212	2.3626	1.3824	2.7774	1.2781	0.5102	0.5654	1.6378	2.6254	0.355	3.4018	2.2865	1.3823	1.3567	2.3909	2.7048	1.5981	1.1897	1.4085
0.0141	1.2192	0.1733	0.0833	1.0784	2.3951	1.3248	0.6053	1.2423	1.396	4.3986	0.6402	0.0749	0.1129	0.182	0.1298	0.1426	1.1148	2.4997	0.0923	1.2447	2.0967	0.5358	4.5137	0.3172	0.25	0.7986	1.318	0.4882	0.2335	4.8731	2.4484	0.1463	2.5854	4.5628	0.2089	0.2886	1.6114	0.4319	0.5092	2.576	0.92	3.6949	4.6695	0.3766	3.7354	2.438	1.3423	1.187	0.4998	0.4645	0.1229	1.2365	2.2973	0.3585	1.3646	3.3734	0.2789	4.0222	1.2374	1.3344	1.1493	1.4531	1.2356
4.6666	2.7431	2.6929	3.7286	0.9421	2.5779	1.4867	0.5663	1.5194	5.6843	0.513	0.6476	0.4263	2.4084	4.0028	2.4818	3.6941	1.6157	2.4181	1.5884	3.6564	2.601	1.3652	1.6518	0.44	3.5475	0.2879	0.4704	0.5071	0.4973	5.5239	2.6564	3.6412	0.627	0.6539	3.612	2.5979	2.5797	1.6346	6.4971	3.4827	0.4824	0.2994	2.47	2.482	1.4789	1.1129	1.6264	1.5599	0.5343	1.388	0.3874	3.3367	1.6641	0.3722	0.4682	3.0323	3.7209	5.6186	3.1112	0.4568	1.4623	4.8456	2.4043
0.2216	1.1126	2.3816	0.2872	0.2947	0.1968	1.2445	3.4774	1.3618	2.1241	2.628	1.5396	1.3129	1.1587	0.3887	0.4646	0.1825	1.3068	2.3176	0.3677	2.1711	0.2263	0.1812	2.5506	0.3207	0.2668	1.1214	0.192	1.5493	1.4442	1.2527	5.1731	1.4218	2.3611	1.5831	1.2427	0.2062	1.0736	0.2759	1.3163	2.5414	0.1779	1.4523	1.2968	1.3591	0.1053	2.567	1.3366	2.1865	0.4325	1.6533	1.4337	1.4983	2.4516	0.1998	1.6119	2.4405	0.3032	1.5336	2.3948	1.5452	2.9812	2.5942	4.7285
0.1242	0.215	0.2647	2.2419	0.1215	0.1735	1.3387	2.3449	0.3136	1.2548	0.3507	1.2679	2.3933	2.3694	2.7878	1.4923	0.1949	0.2597	1.1024	2.4312	1.1431	0.1101	1.2001	1.4208	0.2465	0.4724	1.4795	1.2849	1.5504	1.3992	4.601	1.4785	0.2987	1.2296	0.5046	3.5073	2.4187	3.2449	0.5597	0.6541	1.4462	3.4991	1.2942	1.3516	1.4202	1.2938	2.4881	0.4265	2.2335	2.3458	1.3925	0.867	0.3009	0.2685	0.338	4.5441	3.5498	1.6618	4.5121	1.6614	1.4841	0.4004	1.5126	0.3613
0.1307	0.3281	0.255	2.3379	1.3289	1.2612	1.4714	1.4635	2.2125	0.4756	0.3253	0.4986	1.2576	3.6067	5.6458	0.6023	0.3032	1.5099	1.4209	3.3377	3.236	0.4117	1.4334	1.3302	0.3917	0.555	1.3293	1.5251	1.5351	0.7396	6.5232	1.5032	0.2658	1.2717	0.4978	4.6202	1.301	1.2301	0.3316	1.5773	2.2917	1.1741	0.1882	2.4512	1.7149	4.437	0.731	1.6644	2.3537	2.4857	1.4031	0.8164	0.7198	2.4449	0.5867	5.6285	1.7511	3.4547	4.3763	4.0526	2.547	0.5826	0.6602	0.4774
0.0359	1.329	0.2056	0.0628	3.3324	3.9653	0.8915	3.3729	0.2902	3.8332	2.3581	1.2073	0.0187	1.3048	0.3651	0.1671	0.2919	6.3155	6.6947	0.5117	5.0552	5.76	4.4492	2.9223	1.8822	3.7226	4.4447	2.6741	0.2644	3.9101	6.9457	0.3998	1.302	4.0915	0.5617	1.1912	4.1188	3.6622	6.0646	3.7394	2.7629	5.2651	3.738	0.6532	0.2488	2.8365	3.6028	1.3024	0.068	0.2042	0.2279	0.0891	1.3363	4.8252	0.8687	1.4821	2.2787	4.8242	1.712	3.4506	0.0572	0.4601	1.352	0.1382
2.0888	2.5274	0.2452	1.2488	0.2408	1.6038	2.3704	0.4348	1.1141	1.4515	1.4974	2.3365	0.0553	0.5987	0.3368	2.3756	3.7374	0.6776	0.6503	0.4911	3.2765	7.231	9.8076	2.4895	4.6901	6.2018	4.7215	3.5453	0.2464	5.8036	3.7508	0.3823	0.188	1.3288	5.4147	1.4712	1.4507	6.9633	3.5291	2.6769	1.207	5.1879	5.0858	0.6214	0.1118	5.9311	0.569	1.4275	0.0967	0.1173	0.17	0.1557	0.594	5.7388	3.1986	4.4584	1.3994	1.7207	2.5125	1.4737	0.1281	1.6028	2.4546	0.2862
1.189	2.341	0.3422	2.474	1.4719	1.377	2.6469	2.4797	1.3383	1.3928	1.4564	1.4236	0.1068	1.5401	0.8023	3.7255	3.5551	1.719	1.5829	1.6361	3.6422	0.4627	2.5996	0.306	2.6164	2.5599	2.9158	0.4228	0.2671	2.5066	4.7003	2.4216	1.4094	1.4884	3.2372	1.7494	1.821	2.7169	1.5763	3.6374	1.3902	3.8636	3.6409	1.7385	1.2372	2.6646	2.9621	1.5734	0.1614	1.2433	0.398	0.1907	1.4953	2.4359	1.9379	3.3531	2.5405	1.9458	3.9901	4.8551	0.3518	2.4805	4.8881	0.6299
1.1455	1.3903	0.1571	0.009	1.2538	2.4325	1.5467	0.2418	0.1391	2.3528	1.1744	0.145	0.0173	0.0116	0.0545	0.0535	1.3951	1.5333	0.2837	0.0278	0.5815	5.0603	3.1685	2.3592	2.6919	3.9609	2.7522	3.4006	0.1827	2.3467	1.54	0.2963	0.1391	2.5421	3.3172	0.0851	1.2749	1.7681	3.5223	1.5059	1.2266	2.5468	0.3478	0.3947	0.0947	0.4518	1.4557	3.4713	0.0217	0.0692	0.177	0.0151	0.1124	0.2789	4.4186	0.2641	2.0578	0.484	0.4507	1.5433	0.0044	2.2812	1.535	2.6871
6.0822	0.4105	4.1697	2.7151	2.4758	0.1138	0.2304	1.1958	0.7535	2.4589	3.6284	2.7046	3.6223	0.2749	2.6147	0.4278	2.8652	1.2683	2.3539	2.3809	1.4762	1.1679	0.1323	2.4614	0.1746	0.3204	0.2275	0.1473	0.5001	1.2736	2.4993	1.2801	1.7284	0.2234	1.6659	1.4259	3.5667	2.4043	0.2942	1.3591	3.4461	1.4972	0.4497	2.5613	2.5324	0.3328	3.8643	2.5231	2.8661	2.1252	1.564	0.4203	1.3835	0.177	0.1681	0.2527	1.909	3.3479	3.7618	3.8365	0.3265	0.104	3.8338	1.3916
2.4358	0.2706	3.3244	3.0947	0.3005	1.2389	1.3266	1.3807	1.5882	3.2686	1.5253	2.8627	1.7834	0.6154	1.8221	4.7707	1.3798	1.205	3.3528	0.3497	1.2743	0.2329	0.3	2.2525	0.5577	0.3611	1.251	2.5839	0.8343	1.3506	4.341	1.3731	2.6735	1.2101	0.5481	1.6322	3.4678	1.2515	2.5897	2.6664	0.3554	2.4727	0.4345	2.5571	3.7807	1.447	2.8634	2.5928	3.7496	1.523	1.8788	2.7295	1.4791	1.3322	0.5233	1.5982	3.7469	3.9328	2.6387	2.6277	3.4992	1.4726	3.8202	0.4216
5.4337	1.5203	0.2677	5.4831	2.7109	1.3552	1.2226	1.2953	0.5206	2.2198	1.5064	2.3457	6.3432	0.2744	1.7887	5.1396	1.4899	3.3605	2.423	1.627	2.3521	0.236	0.1314	0.4372	0.3585	0.2432	0.2069	2.2572	1.5396	1.2605	1.4543	2.5916	1.7533	1.1608	0.3722	1.3965	2.2634	0.2118	1.4249	3.4514	1.5907	1.203	1.2419	0.5166	2.6948	0.3937	4.4175	1.519	4.1743	0.5123	3.4927	5.0227	0.4602	1.3204	0.2283	1.488	2.4366	3.6539	1.6598	3.9872	3.7514	1.5336	4.0056	2.1404
0.3158	0.3719	1.2675	1.6204	3.6643	0.1826	0.216	1.3981	1.3857	2.3018	0.2245	1.3015	1.6227	2.4852	2.3764	2.6397	1.5105	1.4307	2.4379	4.524	0.2908	0.0616	0.0659	0.2129	1.2295	0.2414	0.0761	0.2986	2.4192	1.3649	2.3041	0.4204	1.2476	0.3149	0.2723	1.2893	2.4286	0.2554	1.1911	2.2019	0.195	0.172	0.0282	1.1472	1.3919	1.3067	0.2547	1.3637	0.4964	3.3331	2.3413	1.6905	3.5585	0.1405	0.31	1.6075	0.2818	3.3611	1.2038	1.5255	2.517	0.4833	1.4436	2.6328
1.3871	0.124	1.5304	2.586	1.2588	0.0795	0.2543	2.3474	1.5683	1.5133	2.7145	4.7998	1.7044	1.4099	3.8774	1.6824	1.415	1.2621	4.4232	2.5763	0.093	0.0206	0.0827	0.195	0.3262	0.1661	0.2548	0.315	1.4858	0.3686	2.4129	2.3184	1.3218	1.278	1.7835	1.7432	5.5486	0.2104	0.3678	2.6136	0.5929	1.5715	1.496	1.5096	2.7987	2.408	6.7254	0.5604	1.4674	2.4094	2.8353	1.7638	2.7193	0.1125	0.3575	1.4575	3.6647	5.521	0.6889	4.7502	2.4714	0.419	1.6611	0.3682
2.3171	1.4856	2.6643	0.605	1.7156	0.5708	1.4015	5.7169	1.6799	5.6535	1.5175	4.992	1.7992	1.5984	1.7878	1.524	0.4897	2.4857	4.5397	2.6708	3.3052	0.2179	0.276	0.5611	1.2549	0.4591	0.2363	0.4083	3.044	1.6504	4.3405	3.5906	1.3666	1.7634	1.7591	1.6104	4.6706	2.3679	0.3823	3.8115	0.5334	0.4465	0.3253	1.6273	5.7738	0.5401	7.9014	0.8495	2.9165	3.7076	6.0135	1.826	0.6979	1.2975	0.5022	2.5518	2.9883	4.6785	0.6525	6.7583	3.8466	1.3238	0.877	0.4489
0.531	0.2047	5.6154	0.6605	0.2855	0.1892	0.1464	2.3182	3.7395	1.5082	1.5887	5.9674	2.7008	2.3848	1.6968	0.5242	0.5111	0.2951	1.5191	3.3391	0.2987	1.2313	0.1339	2.5716	0.1894	0.3434	0.218	1.2408	5.5481	1.7947	2.6792	2.8363	2.483	1.1573	0.6947	1.6997	4.4496	1.4142	1.1978	2.9672	0.4503	1.4278	0.1773	1.4458	1.7349	1.7346	5.4246	2.7544	3.4918	1.3169	5.0127	1.6832	0.6307	1.3929	0.4351	4.9547	1.6609	6.7304	1.428	3.0516	1.5446	2.5695	1.9369	4.3856
3.9408	1.4083	2.6078	2.7564	1.4113	0.1986	0.2113	2.3601	2.6413	1.2732	0.3769	3.6824	1.4933	1.3189	3.7595	0.8066	3.7442	1.3432	1.3631	1.4015	0.1458	1.2481	0.1776	2.4836	0.1732	0.2332	0.0702	0.2399	2.3432	1.3302	3.3962	0.525	2.5465	0.215	0.5471	1.5321	5.3868	2.5136	0.2156	0.5611	0.1566	1.4724	0.3196	1.2776	1.3489	0.3547	2.9421	4.558	0.4818	1.1589	3.394	1.6839	0.7829	0.1261	0.1409	2.2612	1.7446	5.6645	2.4375	4.0226	1.533	0.4438	3.9097	2.8021
3.4205	1.5283	0.1628	2.7022	0.3311	0.254	0.4501	3.4233	0.1784	1.1588	1.2266	1.668	2.446	2.6698	2.6615	1.8402	2.5027	1.431	2.3966	2.5305	2.1381	0.1056	0.2312	0.3146	0.2203	0.3267	0.3518	0.633	1.3101	0.3527	6.6065	0.5428	0.439	1.1403	0.232	0.4464	4.3953	0.1144	0.3237	2.4102	0.1643	0.198	0.5539	5.621	1.5804	1.3409	4.9882	4.1345	1.4506	0.2304	1.3944	3.8661	0.8683	2.1828	0.4351	2.5177	1.6929	5.5523	4.727	4.3418	1.6021	1.6328	3.2541	3.9285
0.1573	1.3384	0.3561	1.3355	2.5521	2.2516	0.4813	2.7869	1.3046	2.3833	0.3876	1.4739	1.326	3.3786	3.7518	1.853	1.2633	1.5712	3.3802	2.5697	1.2068	0.2268	0.1985	1.3641	1.509	0.3163	1.2815	0.5715	0.4809	1.3104	4.6885	2.8081	1.3985	3.4826	0.5076	3.8308	2.4722	0.1957	0.5291	2.682	1.4259	2.3285	1.2597	1.5623	2.579	3.4597	1.0172	2.6433	0.3612	1.7467	1.3061	2.6988	2.5382	0.2928	2.4689	2.4501	4.9567	0.845	3.663	6.0589	1.6634	0.6977	4.9694	2.7943
1.2972	1.3482	0.0825	1.4458	2.4626	1.4017	1.2466	1.2627	0.2853	0.3595	1.3825	1.1794	0.3798	1.6724	2.5122	3.3823	2.5697	2.5051	2.4012	1.5328	3.3479	1.1477	0.3977	1.202	0.361	0.3778	2.7937	0.3121	0.1454	0.2252	3.4908	0.12	0.1124	2.3313	0.5518	4.7162	0.4382	2.3041	0.5768	1.2063	4.5862	1.3489	6.9378	2.2476	0.2003	1.5927	0.6464	1.6714	0.2023	0.3648	0.1519	0.2559	2.7099	2.6074	0.3306	0.3137	2.3856	2.4547	3.818	0.3632	0.2663	2.5206	2.3864	2.1446
3.5522	2.7891	0.4789	2.4989	2.8524	1.5104	1.1783	1.4741	0.0726	2.2373	0.3179	1.447	1.6502	2.2107	1.5126	1.2805	3.9721	2.5916	0.1886	2.6431	3.4956	0.2225	0.0244	0.3374	0.0629	1.0809	0.1038	0.1279	1.4115	0.1608	1.1751	0.2632	0.2316	1.0751	1.1958	0.2602	0.4197	1.1041	0.1057	2.1616	1.2507	0.1163	0.4395	1.6507	0.2964	1.249	5.6103	1.7083	1.6068	0.5256	1.1314	1.2915	2.6312	1.2444	0.0243	0.0878	1.3685	0.3564	2.5318	5.6665	1.2324	0.4004	1.6009	1.5006
1.3571	1.4826	0.2676	2.5892	3.2888	1.4552	1.5305	3.7047	0.249	1.3437	0.1743	1.1411	1.7169	0.454	1.3395	2.6461	1.3748	2.334	1.053	1.4311	0.2796	0.1281	1.3562	0.4359	0.3537	3.3194	1.4542	2.5376	0.4863	1.3325	1.4238	2.5749	0.4407	2.4593	1.1905	0.3294	1.3855	0.3612	3.4229	1.3048	0.3792	0.3831	0.2393	2.2996	3.5531	1.3688	2.2472	0.1566	2.4826	3.6218	0.3692	1.8052	2.3412	0.2669	1.3827	0.3891	3.3751	1.4615	1.4705	1.4494	2.4873	1.2805	1.6099	2.6955
2.6944	0.1398	2.5709	2.6326	1.4299	1.2118	2.3591	1.1112	0.3777	1.1994	0.4069	3.6614	1.8005	0.2658	1.4103	2.5486	1.5564	2.2366	1.4233	0.1455	1.3204	0.1121	0.3287	0.0736	1.2422	1.2342	1.2623	1.3752	0.2312	1.1134	0.0523	0.0422	1.253	0.2808	1.293	0.3015	0.2812	0.1931	2.155	0.107	0.215	0.1885	0.1045	1.347	3.4875	1.3458	2.2396	1.3272	2.4857	3.4392	0.4643	1.709	2.3294	0.3164	0.2706	0.1453	1.2954	0.1141	0.207	2.1435	2.4398	0.315	1.3245	1.3112
0.2095	1.147	2.6786	0.1405	1.1581	1.1431	0.5649	2.1898	2.6605	1.3304	3.3724	4.4691	0.2941	0.1901	1.4894	0.0874	0.1969	2.2242	3.401	0.4408	0.3961	1.2123	2.2239	1.5762	1.2504	0.2359	1.3341	0.6612	1.3687	2.5047	2.2741	1.5159	2.4377	0.4468	4.1105	1.3128	2.2586	1.4063	0.498	0.4738	1.8589	1.902	6.4948	2.4264	2.4557	2.5003	3.445	0.347	1.3238	1.3002	1.5194	0.1669	1.3469	1.6911	0.1659	3.5422	2.5145	1.1683	1.3854	1.1289	0.2207	1.5968	0.0918	1.2711
1.2134	1.3312	1.5974	1.3292	1.5043	0.3373	1.6657	4.4342	0.5447	4.4876	1.4577	2.3623	1.5114	1.3945	0.6164	2.617	2.4302	1.59	3.6113	1.4645	0.2766	0.2427	1.4647	1.4183	2.4181	1.7712	1.5377	0.393	2.6354	1.6091	4.3394	2.7506	0.3554	1.428	2.4579	0.5492	5.6509	0.3689	2.5192	3.6112	0.3124	1.377	0.2356	0.1919	2.3889	1.3903	1.2588	0.4253	1.4842	3.6041	1.4802	2.7962	1.7025	1.2663	0.4875	1.5732	1.5545	4.5235	0.1027	2.5001	2.8062	0.6009	2.4018	2.7382
0.1234	3.2509	0.3341	0.1328	2.249	2.3232	0.8741	1.3014	0.2454	1.3122	1.2882	1.464	0.1459	0.1939	1.3879	1.2379	1.0811	0.4389	2.3285	1.3289	1.1248	1.2376	2.2833	0.2274	1.2908	1.3695	1.6005	1.5095	1.1082	0.2834	1.5234	1.3491	1.4407	0.6899	1.4141	1.2398	1.4347	2.4825	0.3569	1.4312	2.7376	2.5803	2.5131	2.3494	1.487	2.4356	2.4509	1.4936	1.1805	2.3485	0.2308	0.2639	0.3229	0.286	2.2815	1.3023	0.3703	0.455	3.4106	2.5517	1.2827	1.35	1.4462	1.4307
0.1141	1.2014	0.1791	0.127	1.2236	2.5855	2.7105	2.4503	1.1967	1.7477	0.2523	3.1883	0.1612	0.3718	0.2317	0.1281	0.1878	3.7958	4.4973	0.3691	2.5096	3.529	5.4339	3.7752	1.3893	6.14	3.955	0.5027	1.5196	2.88	3.731	3.4362	0.1126	2.5069	0.3436	0.1521	2.6432	8.9523	3.3333	2.9505	0.2766	7.3305	2.3849	0.1628	1.3117	2.3937	0.1924	0.2759	1.2071	1.4584	1.3459	0.245	2.4424	1.5869	0.5092	2.4037	0.159	2.7204	2.1551	0.3221	1.264	1.3435	1.2328	0.1358
0.4973	0.3948	1.2593	2.2583	0.1053	0.0956	4.4834	0.3003	1.3701	0.2104	1.3713	1.3992	3.4695	0.5672	0.4648	3.3457	0.0738	0.0318	0.1873	0.0958	0.0209	0.0031	0.1408	0.0473	1.3712	1.0633	3.6111	2.6273	0.3711	0.1725	0.5399	3.2295	1.4134	1.234	1.441	2.7826	0.1301	0.009	1.3136	1.1868	2.6252	0.1253	2.6538	3.8373	2.9304	1.2709	2.76	2.844	2.4291	3.3272	1.7288	2.7146	0.1608	0.0407	2.7279	1.514	1.5712	1.247	2.8575	1.9356	3.4424	2.3225	3.7933	1.0757
0.0403	1.1426	0.1367	0.0376	1.0545	0.1677	2.3092	0.2	1.1555	0.4961	1.4331	3.2835	0.1792	0.2514	0.2644	1.1294	0.0519	1.122	2.3915	0.2579	1.1295	1.1969	0.6105	1.3927	0.2942	1.4728	2.7128	1.5879	1.1581	2.2283	2.6772	0.338	0.2721	1.4235	3.5458	0.28	1.1309	1.6827	1.7817	2.5412	3.4525	3.7787	0.9593	0.689	2.3651	1.5643	5.7131	1.5721	1.1477	1.3039	0.3095	1.2389	0.5074	1.2821	1.3669	2.2665	0.6535	1.4236	3.6661	4.3976	0.3635	1.4265	1.3702	0.3707
0.1655	1.3048	0.3422	0.0336	2.5376	3.4338	2.4885	0.2612	1.3433	0.2219	3.5988	1.6095	0.1347	0.1341	2.2522	0.2094	0.2027	2.3358	3.8415	1.3172	3.4569	1.2933	0.5855	2.3118	0.3414	0.3567	1.5104	1.4267	2.2287	0.4142	2.4392	0.3914	1.2633	1.4504	0.5053	0.1108	0.362	1.1177	0.2903	1.1896	1.4209	0.1597	1.3014	4.6028	2.6912	1.4467	1.4836	3.8298	0.2511	3.6669	2.4011	1.2664	1.3842	0.5756	0.271	1.4513	0.2636	2.1981	2.2468	1.8065	2.5231	1.6401	0.2707	2.5336
2.7369	1.4735	2.6576	0.2977	1.7008	1.3592	0.2641	4.3038	1.653	2.2878	1.505	2.4421	1.5997	0.0893	2.3984	0.2984	0.5582	2.3789	1.2163	1.4212	1.4416	1.0761	0.0914	1.4325	0.1278	0.084	0.1929	0.0348	3.6072	0.2195	1.2429	1.368	1.2749	0.2236	1.6279	1.2428	2.0714	0.1733	0.0547	0.1698	2.1741	0.043	1.598	1.7013	2.2215	0.2218	2.4666	1.5792	2.5357	2.2396	2.5296	1.5323	0.2262	1.1832	0.0276	0.486	0.5076	0.0543	2.3453	2.4042	1.4242	1.3927	0.3952	2.5617
2.588	1.7515	2.458	0.3647	3.6324	2.1092	0.2686	5.5974	0.5901	1.5572	1.548	5.4044	1.6172	1.466	1.6612	0.3862	0.6596	6.8591	2.5537	2.7332	4.9829	3.0608	1.4516	1.8305	1.2822	0.4531	0.34	1.6923	2.7124	4.1885	5.4915	3.0493	2.4387	1.6349	0.4247	0.2833	2.3829	1.7269	1.3474	2.9207	1.4278	0.6179	1.3638	2.6695	2.4674	4.8464	5.8277	1.8907	1.4757	2.4872	3.6633	1.7494	1.9983	4.6842	0.5315	5.0277	1.4972	4.654	2.5928	5.1209	2.6197	1.8564	0.848	2.9577
0.1126	0.1634	1.1287	0.1163	0.1771	0.1277	0.1806	1.3123	1.3536	2.3731	2.3768	3.4768	0.2196	1.2447	1.465	0.2636	0.0371	1.1262	3.3629	1.3435	0.1523	0.0411	0.2458	1.2486	0.307	0.1898	0.4374	0.4303	0.3855	2.2779	5.5957	0.3462	1.2242	0.3341	3.7551	1.4959	3.3143	0.2598	0.4136	2.4598	1.4982	0.5457	1.573	2.5313	1.3577	2.5311	2.8695	1.2717	0.1508	0.1812	1.5699	0.2374	2.2409	0.1484	0.5053	3.3429	3.6271	3.3524	2.8662	1.5891	0.1804	0.218	1.4844	0.1263
1.2383	0.3174	1.1793	2.4366	0.0542	0.2787	1.2214	1.3531	1.3452	0.1714	1.4099	1.4529	1.1837	1.6992	2.4046	1.4996	0.2653	1.1021	2.5011	0.3079	2.3082	2.0957	0.6002	2.3813	0.465	0.1873	1.3553	0.5454	1.3712	1.2107	2.7536	2.4505	2.469	0.3506	1.3196	3.7513	0.2338	0.19	0.1164	1.185	4.4645	0.2577	2.2799	1.4665	0.2511	1.7179	0.3571	2.5718	1.1991	1.1037	0.4815	0.2887	1.4689	4.6242	0.5761	1.7624	1.7419	1.1049	3.5441	1.4325	0.3103	3.6546	2.4985	2.58
1.2572	1.3493	0.2208	3.6846	0.3634	1.1347	0.2944	1.5556	2.2322	2.2619	0.1853	1.5107	1.4945	1.8182	2.4762	2.6576	1.1813	0.2303	3.3039	1.4728	1.08	0.0303	0.203	1.2401	0.4004	0.1625	0.1917	0.3599	0.4016	1.2255	3.5094	1.3182	3.4384	1.3561	1.1196	0.613	0.1485	0.1611	0.1435	2.2486	0.3403	0.037	1.0153	1.3297	0.5882	1.3364	1.1373	2.4815	0.6277	0.3185	0.4717	2.6614	4.621	1.235	0.4893	2.4849	3.5424	0.2097	1.3186	2.3921	1.6108	4.4743	0.3467	0.5189
0.3189	2.4885	0.3642	1.4899	0.5302	2.5055	1.5016	4.8193	4.5837	2.6743	2.4525	1.4143	2.2696	1.6524	0.568	1.4922	0.3509	1.5479	2.657	2.4631	3.3686	2.5453	1.7852	2.7837	0.5518	1.7732	1.7609	0.6503	3.815	3.4876	8.2198	1.6982	3.5489	3.8861	4.4353	0.7695	1.5895	4.0353	0.8828	6.1329	1.7096	4.8973	1.4063	1.6024	0.4171	0.7586	3.6993	1.4715	0.4379	1.4913	3.6156	1.3445	1.6064	1.5244	0.5257	3.5186	4.6228	3.1722	3.9432	2.6185	0.3889	2.4317	1.8289	1.2282
1.6127	1.5171	2.6598	0.7323	3.536	0.4895	0.3463	4.5761	5.6589	1.7145	1.4508	5.7933	1.4623	0.5437	1.5376	0.7372	1.4672	2.4051	3.4952	0.5974	1.2852	0.2482	1.2657	0.4628	1.476	0.2564	0.2555	0.5235	2.4842	3.3382	3.7184	2.8142	2.7224	3.5888	4.5107	1.6346	1.5561	1.2537	0.3424	1.7995	0.3373	1.4298	0.3059	2.5381	1.4088	4.5507	2.7167	2.9303	0.6884	1.2504	2.7957	1.2903	1.5251	1.2118	0.5348	5.5002	4.9533	1.5724	2.6846	2.9512	0.6697	1.5031	4.2708	4.886
0.0029	1.2354	0.2587	0.0567	1.1466	3.5225	0.3534	0.4633	1.013	0.4267	2.3848	1.1299	1.0168	0.0501	0.2775	0.0678	1.2036	0.6601	3.2676	0.1803	2.5511	4.6582	0.7056	5.8527	0.2305	0.4064	0.6222	0.5409	0.3258	2.5423	4.9689	1.5311	0.1926	1.3143	0.3288	1.1486	0.1857	2.4766	0.4079	1.5558	1.4851	1.3221	4.6786	1.3507	2.2944	1.5572	2.4103	0.1721	0.1702	2.2758	1.3338	0.0422	1.426	1.6956	0.2408	1.2466	0.2856	2.4595	2.5844	3.4081	0.2155	0.4332	1.1454	0.1281
0.1611	1.0976	0.3713	2.1898	1.2485	1.1797	0.2322	2.3502	0.1773	1.1226	1.3486	0.3444	1.4093	0.2681	1.5744	2.357	0.1611	0.2798	1.0693	1.257	0.1572	0.2895	0.1792	3.38	0.2195	0.1088	0.028	0.301	2.6121	2.4495	4.2901	0.6999	0.2147	2.1146	0.2412	1.379	1.1807	1.2638	0.0786	1.5588	0.1153	1.1465	2.2483	1.6331	0.6817	0.2216	1.4289	3.7326	3.4128	1.6154	2.5308	0.7827	0.2895	1.2739	0.1673	1.5428	3.4174	1.7041	1.5175	3.6896	3.6387	0.3547	2.9265	2.6078
5.3373	4.9295	0.1908	2.5821	1.6673	4.6011	1.414	0.7119	0.2448	1.2163	0.1456	2.3526	2.8746	1.5733	0.4742	3.3933	2.4713	0.5753	1.2679	2.4858	1.2687	1.151	1.2773	1.5101	1.1923	1.2034	1.2939	1.6475	2.5535	0.4776	1.4417	1.4585	2.3083	1.4597	1.1512	1.6873	0.2288	0.2217	0.2888	3.2733	1.4032	0.1219	0.2856	2.53	1.5605	1.4492	2.9377	3.7879	2.9959	1.8197	1.3536	1.5659	3.6663	0.3891	2.3562	0.4406	3.7783	1.4418	1.4263	2.8019	0.8126	3.3829	4.532	1.4325
1.4182	3.6505	1.17	0.3653	2.6714	4.6807	0.5288	0.7115	1.2021	1.3916	2.5457	2.5224	0.2207	1.3417	0.4101	1.2763	3.4552	0.8383	2.6781	2.2958	2.4807	2.3762	2.8231	2.3403	2.4662	0.42	1.7178	1.59	0.2867	1.314	2.5937	0.3131	1.5195	3.7909	3.4571	0.433	1.649	2.6176	0.611	1.3817	4.0217	2.7345	6.1303	2.8003	0.3039	1.1601	3.1648	3.6283	0.1818	0.3168	0.3089	0.1499	2.3274	0.239	2.2738	0.115	2.6804	0.4887	5.4043	1.3434	0.2085	1.1394	3.8717	2.076
4.8387	4.5295	0.3495	3.6327	1.907	1.4875	0.3297	4.5092	0.3315	0.3707	0.1829	0.1995	0.6596	1.797	4.7261	2.3667	7.0504	2.9154	0.1946	2.7712	2.6594	0.274	0.1592	0.3553	0.2158	0.3876	2.4132	0.306	0.4276	2.4938	4.3582	0.3634	2.5179	0.349	0.2616	2.4026	2.8226	1.3843	1.4064	2.2352	0.2813	2.4896	2.6317	2.6483	0.3585	2.2666	1.8792	1.5035	0.6309	0.435	0.2547	0.7096	5.6621	0.3103	1.428	0.5411	4.6743	4.6007	2.7936	2.8167	0.4589	1.3702	3.5982	1.3392
0.3617	1.3195	0.1881	2.5121	2.4781	2.4262	0.4223	1.2951	1.4005	1.4608	2.3065	0.2244	0.5632	0.3645	2.3427	3.5372	1.214	2.5345	2.265	2.46	2.2439	1.4286	1.5124	0.0978	0.2071	0.1899	2.7562	0.302	0.0857	0.0768	1.1863	0.3459	1.2574	1.3647	2.7289	1.3547	1.4156	1.355	0.3484	0.0616	2.8269	1.314	5.4835	2.8072	0.2848	2.1067	3.0924	2.413	1.2561	0.3017	0.2445	0.404	2.1502	0.0865	1.2503	0.3478	2.276	0.2242	1.89	5.7013	1.2572	1.3021	3.6073	0.6268
0.2307	2.3712	1.4038	2.4205	1.4192	3.4909	0.5222	3.5043	2.4006	0.217	1.5684	0.5124	0.3581	0.2355	3.6973	1.5675	2.2808	2.4402	0.3686	1.6316	2.3216	1.2393	2.5285	0.3509	0.2292	0.0858	2.4607	0.5788	2.263	1.1797	0.5085	1.4625	1.4892	2.5412	0.4795	0.4397	1.4282	1.3073	0.2126	0.2981	1.6349	1.3272	1.3955	6.3688	3.6041	0.3062	1.5282	1.3862	2.3704	0.3395	2.5179	1.3256	1.4388	0.2795	0.1069	1.1671	0.6852	1.6165	5.4268	0.6154	0.3434	1.2702	2.7592	3.5165
2.332	1.4219	1.513	1.1471	0.4807	0.3405	1.5036	1.363	1.4149	5.3607	0.4989	0.3568	0.107	1.5829	0.2527	2.3236	2.7251	1.5327	3.5504	1.3621	3.5943	2.2943	0.4772	1.4859	0.5087	0.658	2.3133	1.4528	0.1387	1.5315	3.4703	1.4696	1.2744	0.5152	1.1968	1.6283	4.3996	0.4596	1.4717	3.4442	2.3748	1.4241	1.1976	0.318	0.0675	1.6718	0.3787	2.5426	0.0741	0.0824	0.1346	0.1288	0.6834	4.8354	1.4243	1.5532	0.2918	2.3009	1.1307	2.6618	0.1067	3.7982	2.3527	1.5117
0.1276	0.2256	0.4774	2.3195	3.2947	2.3045	0.3559	1.4225	0.4201	1.4653	3.3182	1.618	1.4941	0.6135	2.3654	2.533	1.4674	3.4104	4.6585	1.7561	3.4804	0.5068	0.4016	2.8303	0.3077	0.5664	0.4657	1.3643	1.4815	5.8027	3.5726	2.0514	1.2346	2.4036	0.2966	0.5099	1.8212	2.5347	0.364	2.5357	0.2212	2.5105	1.1056	2.3425	2.3977	1.7225	1.3113	1.3753	0.3189	1.5859	1.3847	2.4266	2.7159	3.0754	0.3852	5.9943	3.4657	2.6593	1.22	1.3749	0.376	4.1479	1.4096	2.9186
1.6029	3.82	1.2928	0.2862	3.9686	2.686	1.4772	2.4464	0.5333	1.2771	1.4347	4.7075	0.5418	1.3614	2.5568	1.5979	2.5847	2.8241	1.3087	3.3699	1.3684	0.3194	1.3835	2.3362	1.4841	0.4018	1.4514	0.5533	0.3924	0.546	5.5587	2.6863	2.3651	2.5074	2.6889	1.6793	1.292	2.2804	0.6407	2.8645	1.5483	3.5986	2.5401	1.8082	2.5824	0.4767	2.1013	5.9881	0.4485	1.3912	2.5902	0.735	3.4567	0.1836	0.3695	1.6844	5.5457	1.7682	3.9714	4.1431	1.5252	4.5527	4.0287	2.9845
1.6448	3.3928	1.3127	0.3883	2.3686	0.293	0.4601	2.4719	1.4622	1.2705	1.1768	4.7494	0.3409	2.4158	1.6612	1.767	2.3682	0.2974	1.3771	2.2355	0.2191	0.0665	0.2255	1.0741	0.3887	0.3585	1.1982	0.3696	0.3749	1.2733	4.5491	1.3114	2.4185	0.5138	2.3401	2.7603	1.4057	1.0926	0.2614	2.467	1.5005	2.1229	1.3038	1.8276	1.6305	1.3638	2.0727	6.1651	0.3036	1.341	2.5426	0.8002	2.3082	0.1684	1.3692	1.4595	4.6509	1.4676	3.0418	4.328	2.6457	1.4051	5.1868	3.9968
0.053	1.2833	0.2088	0.175	2.3222	1.5055	1.3921	3.594	0.2507	1.2381	1.169	2.4239	0.3348	1.4319	0.4293	2.6458	0.216	3.5903	2.2028	1.4284	1.3524	0.5051	0.3552	3.76	2.2628	0.4524	1.2494	0.5656	0.3454	2.8542	3.5001	4.1225	0.2218	2.426	0.2464	2.4279	1.2769	1.3158	0.2809	0.3299	1.419	0.2293	1.3173	3.4988	1.315	1.4784	1.9333	4.7834	0.1051	1.2585	2.3884	0.7359	2.5036	2.6446	2.484	3.1065	1.3889	1.2759	2.7677	3.1287	2.5056	4.9796	3.9199	4.212
0.1647	0.484	2.447	1.4633	3.3417	1.3475	0.4919	2.7668	3.6257	2.9122	3.6757	3.6567	0.2549	1.5674	1.7548	1.4056	2.3653	1.4289	6.8613	1.6478	2.5426	2.7323	2.6961	2.5862	0.4917	1.8694	0.613	2.8595	1.2817	1.8713	4.7675	1.6323	1.6408	3.6692	1.8701	1.5448	3.9866	3.8783	0.7625	2.6169	3.6736	2.834	2.3562	1.4619	2.6323	2.9314	1.7314	4.5536	0.4217	2.4151	2.7277	0.3151	3.6511	2.6613	1.9304	1.5769	0.8977	3.7692	3.5456	3.853	1.6153	3.4389	2.5451	0.3856
1.2521	1.3023	0.4596	2.6147	3.5343	2.3913	0.4147	1.2734	1.3514	1.3867	1.2182	3.6142	0.297	0.2117	1.5942	1.7586	2.3378	2.3503	3.3897	0.736	2.2489	1.1941	1.5156	1.2389	0.1616	0.4107	1.3283	0.5461	1.2992	0.243	2.563	1.3039	1.4501	3.4542	0.2955	0.3052	1.4758	1.4803	0.3142	0.3784	1.2004	1.3227	0.1347	2.3019	1.461	1.7249	2.4362	4.6079	0.5911	0.5474	3.4473	0.2057	1.5524	1.168	0.3265	2.3773	2.7927	0.5268	2.3466	3.6806	1.7343	3.2367	2.7078	1.6239
1.4777	0.0997	3.7548	1.371	0.1472	0.205	1.0885	1.3447	1.7888	0.567	4.8391	0.2816	2.4206	1.3111	2.2172	0.3963	1.2176	0.1448	0.284	1.1564	0.1562	1.1345	0.1424	3.4668	0.2862	0.0957	0.2314	1.1192	1.3074	0.5205	2.4906	2.6518	3.6649	2.3514	3.0147	0.5532	1.4095	1.1137	0.4269	1.5059	4.8088	2.4213	2.7476	0.3247	0.2529	1.2844	0.2426	1.1619	0.353	0.1688	0.4343	3.2574	2.2308	2.4516	0.0904	0.6572	2.6206	1.3407	2.3702	1.2439	0.3576	2.4495	1.3748	1.3493
1.2138	0.1312	2.6464	0.0061	1.3329	3.2787	0.3814	1.6582	1.6181	1.6227	5.1019	2.1478	0.0906	1.1909	0.3834	0.1636	2.3505	1.4491	3.7573	1.241	0.3824	1.4661	0.4874	8.1175	0.4224	0.469	0.5648	0.4743	2.536	4.0387	6.4441	5.3549	0.5012	3.57	2.7283	0.2481	3.86	2.8307	0.5776	4.2046	2.5916	5.2677	6.2433	1.7265	0.4554	2.7156	4.5401	0.4079	0.065	1.5075	1.4914	0.3371	3.3634	2.8231	0.4158	3.1842	3.5972	4.078	3.9342	3.7225	0.3518	1.7955	3.8396	2.5016
0.1107	1.1879	1.1801	0.21	0.4281	2.2256	0.3833	0.2012	1.3957	1.3111	1.4033	3.3226	0.2162	0.5626	1.2834	2.2814	1.3027	1.5512	3.4636	1.4246	3.3933	0.3977	1.4298	1.3241	0.4284	0.1257	1.4025	0.4026	0.36	2.5721	1.3461	3.7007	1.1511	0.2269	3.5034	1.3836	0.3308	1.225	0.1206	1.3556	3.2719	0.1533	0.4249	0.3779	0.3027	3.3174	2.3082	0.5249	0.159	0.2751	0.5103	1.3269	3.6284	2.5607	0.4529	3.7673	1.3615	1.4404	1.2546	2.3432	1.4078	3.8152	1.4393	1.701
3.746	0.6068	2.6942	0.2521	1.4527	1.2887	3.3573	1.6637	2.6238	3.2977	1.5338	0.4874	2.22	0.2275	0.2168	0.2457	1.5429	2.2339	1.3364	0.1983	0.2486	1.1299	1.5194	2.2957	1.4956	0.1789	2.6919	1.5204	0.4771	1.2168	1.5614	3.6964	0.6095	3.3192	4.5779	0.2624	1.4362	1.3307	0.5775	2.3634	1.5254	1.4169	2.649	3.6519	1.6648	1.2139	1.5962	2.6953	1.4474	1.6016	0.5834	2.197	2.1819	1.3798	0.4377	0.5194	3.3455	0.8148	2.6707	1.5118	1.4648	1.4832	4.9547	3.6335
0.4879	2.7849	0.6672	0.3735	8.7738	2.9593	0.7894	1.6643	3.6351	2.8434	2.3839	2.4579	0.1962	1.4209	2.372	0.378	1.7648	5.2225	8.7564	3.4641	1.716	1.7577	1.6433	4.7019	0.6968	2.0692	0.5425	0.7082	1.4533	1.8451	6.9212	1.5517	1.6967	3.7248	1.6728	0.3228	5.1166	3.613	1.0033	3.9349	1.4954	4.5305	0.3696	0.508	1.4349	4.5978	2.716	1.5114	0.3688	2.5334	0.2584	0.2413	3.6293	1.616	0.557	2.6798	1.5884	3.9591	2.4213	6.5783	0.317	0.6145	2.5116	0.375
4.0631	3.6533	1.5983	1.6629	2.797	2.3684	2.4366	0.6898	2.8082	3.4354	1.5799	0.79	1.449	1.318	5.6975	1.7719	1.334	2.5378	1.8356	3.4443	2.4119	0.2442	1.2933	0.3867	2.4345	1.4829	0.4314	2.5337	2.3984	0.5764	1.7923	3.5595	3.0724	0.6687	4.6551	3.6842	2.51	0.361	2.4859	3.5579	2.8127	0.4677	0.4549	2.5827	1.6908	2.7571	3.6532	3.074	2.6011	1.5581	0.515	1.404	2.6252	1.3988	0.6671	3.7324	3.8534	3.5317	3.7187	4.0777	0.6088	3.8888	3.9038	4.1104
2.3927	4.6178	2.6651	0.4291	1.86	3.3966	2.88	0.5263	0.6558	2.4819	0.5444	1.4741	0.1718	2.2181	3.5661	0.37	1.2952	1.4522	1.6363	3.41	2.219	0.6304	2.8405	2.6968	1.7424	3.6164	3.978	0.6293	1.2737	3.8848	2.8635	4.0367	5.0672	1.9753	0.666	2.2924	3.387	1.5906	2.766	3.8054	4.8167	1.6841	2.9106	2.6317	0.3331	1.799	3.7539	2.7693	1.3185	0.427	0.1528	0.171	1.4422	2.7824	1.4951	5.0657	1.755	3.6999	4.5895	3.8973	0.3635	2.9767	3.8264	2.834
1.2433	0.5255	2.3025	1.3703	2.3546	1.7217	1.2952	1.5018	1.1703	1.4268	0.5996	5.7843	1.3663	2.5899	1.8082	1.6534	3.3395	2.4357	3.7741	2.8853	2.6505	2.4761	1.4976	1.7425	0.211	1.3974	0.4468	1.8705	1.407	3.6098	4.8167	0.725	0.388	2.3587	2.4875	0.6464	1.8939	2.5537	0.3935	3.6574	1.4613	2.4788	0.5355	1.9794	2.794	3.6384	8.1461	3.0689	0.5029	1.585	1.5738	2.5458	5.6729	1.597	0.7818	3.5484	3.0341	3.1524	4.8433	8.0124	0.7283	0.6683	4.1631	2.6102
0.4053	2.267	1.5621	1.4537	3.4535	0.5246	1.5239	1.4541	1.3925	2.6911	2.9194	3.3835	1.2814	2.4285	0.5485	1.5523	3.6991	2.845	5.5954	1.6066	4.0822	3.067	1.4473	2.3789	0.2855	1.7956	0.4663	1.5773	0.3113	2.8448	4.4589	0.1777	1.2193	1.4036	2.7025	1.4627	4.6422	2.8011	0.724	3.4759	0.5913	2.9408	2.8778	2.5702	0.4307	1.6493	5.8564	1.4534	0.2411	0.2912	0.4641	1.2761	1.5824	4.643	0.3737	0.4779	4.5903	4.3505	2.7248	1.8606	0.2792	0.2145	2.6897	2.6594
1.1599	2.3785	0.4443	2.2255	1.2286	2.1492	1.5095	1.3947	0.5119	0.1729	1.4167	2.5005	0.4648	0.1857	2.5188	1.3634	0.2245	1.1982	0.1491	1.2271	2.4217	1.378	1.0399	0.3845	1.245	0.2298	1.2407	1.4923	0.3331	2.4955	2.4879	2.5405	2.6722	0.4284	2.5046	0.4784	0.1879	0.3339	1.2744	2.1602	2.7836	1.1882	1.3902	2.333	2.5398	0.6062	0.3183	3.5302	2.2726	2.4014	1.5007	0.5977	0.3014	1.5529	0.2735	2.6707	1.5119	2.3755	3.5793	0.6653	3.4291	1.5477	2.5847	1.5435
1.5435	3.5302	2.5405	1.3634	0.6653	2.333	1.4923	2.5005	2.6707	2.1602	0.3845	1.3947	0.5977	0.4784	1.2271	2.2255	2.5847	0.3183	2.4879	2.5188	3.5793	1.3902	1.2407	1.4167	0.2735	1.2744	1.0399	1.5095	1.5007	2.5046	0.1491	0.4443	1.5477	0.6062	2.4955	0.1857	2.3755	1.1882	0.2298	0.1729	1.5529	0.3339	1.378	2.1492	2.4014	0.4284	1.1982	2.3785	3.4291	2.5398	0.3331	0.4648	1.5119	2.7836	1.245	0.5119	0.3014	0.1879	2.4217	1.2286	2.2726	2.6722	0.2245	1.1599
