2.0327	2.0008	4.0672	2.3464	1.9555	1.7439	1.8357	4.8062	4.0115	3.7172	2.8739	3.1917	2.4167	4.2337	5.5723	1.107	0.7857	0.7543	2.0019	2.9859	1.3328	1.4355	1.3777	2.7263	2.8687	1.0873	2.9711	2.0549	1.8222	2.3436	8.6138	3.772	5.6801	3.0313	3.5216	3.9395	1.2679	3.1815	2.5647	5.0759	1.7282	2.6863	1.3794	5.4067	6.1905	2.1701	4.1463	2.5886	1.8147	4.5103	3.9965	2.8389	2.1863	0.9471	3.0605	4.0571	7.5489	4.9313	4.0097	4.5912	2.5694	2.6019	2.4655	5.146
4.8146	5.4635	2.5052	4.7507	5.938	1.4808	1.3505	6.4336	3.9229	2.5881	1.4461	5.2331	6.1396	6.9123	4.2834	5.0663	3.4372	1.9818	6.2479	8.6787	3.0208	3.0256	0.5579	3.397	1.3066	0.8807	0.4728	1.2539	5.0069	2.4194	4.1909	3.9027	2.7053	3.3029	1.1838	5.1312	5.0872	1.6268	0.6752	2.0329	2.8305	0.4109	0.253	0.5671	1.8232	2.4018	1.3621	4.8414	6.4496	4.2264	3.1272	3.4735	6.9443	3.8991	1.306	3.5998	4.2764	5.5431	1.8894	3.3604	4.5417	4.0719	5.2079	5.8929
6.9574	3.2612	2.6638	4.2063	1.2854	3.3268	1.7887	1.1557	2.4841	2.7196	0.6099	1.6095	2.9758	0.8331	3.4282	4.5347	3.5382	0.7242	1.0469	3.0698	1.7339	5.426	1.6203	4.2654	2.1384	0.621	2.1941	3.1113	1.3995	4.5236	2.459	3.6546	3.2	1.9681	1.6739	0.8089	2.4254	2.1185	2.0992	1.5152	1.3308	2.2465	7.7425	3.7341	2.9827	2.1945	0.7825	6.9179	3.5971	1.9227	2.2018	3.7337	4.5862	2.4921	2.4536	4.3999	1.9429	2.9662	4.4299	4.4726	4.3646	5.236	6.7876	16.1203
1.3154	1.4562	5.429	1.3765	2.8009	3.8096	2.3482	1.3929	7.8103	5.9643	7.2362	3.1169	1.7763	3.3293	4.5458	2.9928	1.7329	4.7559	5.0858	4.1333	4.7414	4.095	3.6865	4.5338	2.087	1.4649	7.2364	2.382	2.2319	5.3625	4.533	2.1991	5.2369	2.6887	9.1976	4.6099	3.8124	6.3657	3.102	4.1879	5.8923	7.3001	6.562	5.5793	3.838	3.7377	5.5759	4.0726	1.3251	1.9082	4.6046	2.5248	4.3887	4.5509	3.635	4.2117	5.9473	2.9757	4.0814	6.1406	2.5112	3.7342	3.02	2.0178
10.5232	1.7816	4.8177	5.6349	2.7006	1.1722	0.9863	3.5729	5.3034	3.8905	5.8212	4.4797	2.6801	5.0427	4.3847	3.03	4.8208	1.1892	6.9327	3.4651	1.8567	2.5479	0.6611	4.2413	1.3752	1.043	2.3224	1.2395	3.4018	2.2966	3.6205	5.0658	3.4752	4.3453	5.2035	2.8177	6.0051	2.2165	1.6578	3.0244	4.8382	3.0455	4.7956	1.9695	1.2978	3.0288	5.424	4.3583	3.5158	1.1097	2.1169	2.9564	5.9977	3.3963	3.0994	3.5738	4.387	4.9213	2.1485	6.1445	2.3408	5.7635	4.3573	5.4564
2.7735	3.6145	4.0237	4.6524	1.8382	3.5573	1.4727	2.2396	3.464	5.1978	6.3417	3.281	1.8179	1.5321	6.0215	3.4405	2.3774	1.6299	7.3386	2.2677	7.8681	5.3488	2.8314	4.8654	1.4165	2.8794	3.5432	3.8538	1.1417	6.4053	6.4159	2.895	5.2814	2.5361	4.7576	3.9849	2.4506	6.8162	3.4924	5.8842	6.6796	5.3185	6.1317	5.0377	1.1365	4.2197	4.3752	4.4974	3.0266	1.347	1.5805	1.1116	1.4616	5.1973	4.113	4.281	4.8521	5.3732	7.2075	3.0123	2.8342	3.0265	3.4419	4.9493
4.1916	4.6435	1.0502	3.4033	2.1707	7.5809	1.6842	1.1644	3.3872	4.1359	2.8568	0.6529	1.4215	1.872	2.9975	1.5645	4.5606	4.0578	4.5897	0.7467	6.1432	16.6116	7.4358	5.6031	3.1964	5.4699	8.9894	4.5693	0.866	6.1746	4.3352	1.2598	3.9847	2.3367	4.7893	3.4604	2.7943	8.7335	7.5892	2.9721	6.6346	7.7486	12.0223	4.1765	0.4035	4.5076	4.5717	2.0891	0.5283	1.5617	0.4755	0.2176	2.7065	4.0158	5.5462	2.9348	0.8771	4.7351	5.5828	2.1292	0.0921	3.1865	1.5449	1.294
6.7189	1.0187	6.0271	2.4818	0.4195	2.325	1.2197	3.5563	5.6975	4.3726	7.8506	3.9177	2.377	1.0005	1.1896	3.1368	2.3206	1.2121	3.386	0.9734	2.0968	6.9824	3.1397	4.2142	1.9167	3.6604	2.6471	1.788	3.1365	4.4649	4.16	7.5086	4.6974	1.9434	8.9897	1.6316	2.2667	3.1252	3.8715	6.3221	5.3333	5.3725	5.2765	2.2222	1.19	3.1068	2.8735	2.7049	2.4472	2.0418	3.2361	2.0292	3.0738	4.2432	2.1031	5.2329	4.2157	2.3816	2.5307	2.1903	2.9401	6.0989	4.3186	7.3607
9.3868	4.0844	8.7768	4.8077	5.1851	2.286	1.4615	0.6465	10.1578	4.4639	4.2313	4.4766	0.651	2.1669	5.965	2.5042	4.0152	1.8215	6.7918	0.7003	2.6841	1.4441	0.6729	0.1751	2.0136	0.7091	1.9332	0.7799	2.0053	1.3688	1.731	1.3471	10.5156	2.4325	4.5696	3.9321	4.6366	2.859	1.4063	3.8504	4.8699	3.4369	3.3042	4.5419	2.9613	1.1182	8.1592	5.0919	3.198	1.9932	3.0302	1.8369	0.9457	0.722	1.9011	1.7689	4.4981	4.4309	6.58	7.4177	3.8592	0.7939	6.4511	7.8651
9.8024	4.4395	5.5528	7.8717	2.9474	2.6313	0.7053	3.0206	5.7621	0.5691	2.0328	6.6896	5.3186	3.2789	5.0113	6.7857	4.1171	0.5549	3.6639	4.8157	1.5012	0.113	0.1566	1.5554	0.6096	0.0593	0.3084	0.7413	1.2588	0.6911	1.5292	2.9625	5.4658	2.7334	1.7692	3.3412	2.8301	0.3377	0.3944	1.1558	3.4863	1.708	1.207	2.6655	2.6327	0.6655	6.0138	8.3962	8.206	1.3402	2.9891	4.6671	6.096	0.253	0.5518	0.7614	3.0796	2.1881	5.3594	8.6898	8.1189	3.1672	6.7722	20.1885
5.3039	5.3189	5.1252	3.4731	2.3861	2.7887	0.9201	5.7925	5.2076	3.2017	3.4834	6.1739	4.0727	2.256	3.9661	1.8867	4.5	1.2755	1.1058	2.3773	2.2147	3.31	0.4595	3.4042	1.0107	0.4249	0.781	1.7122	2.6631	5.9643	4.213	7.2627	6.3726	2.4519	8.2195	3.5663	1.1026	1.2356	0.599	2.0969	7.1136	0.5196	5.9099	4.4162	3.0113	2.4981	7.3481	2.7105	3.1166	2.8404	5.1867	2.8444	3.4964	1.3341	1.8474	6.8205	7.9557	0.8785	8.8097	3.3478	4.3438	2.0601	5.8225	2.5104
0.9071	1.485	3.8022	1.1393	4.5768	2.7087	1.6661	3.5608	5.3068	4.9227	6.6555	4.0339	2.3005	3.0171	3.8286	2.8824	2.6115	5.3962	3.6751	3.3739	2.8003	3.6929	2.6423	6.1454	1.6785	0.9394	3.8616	1.1679	3.1039	2.6004	4.4426	4.4618	2.4711	4.3454	6.6765	4.9278	6.062	4.7464	1.258	3.8424	2.9771	6.5489	4.6342	5.5584	2.4639	1.3186	4.4536	3.7662	1.3742	1.3094	6.9677	2.6781	1.4926	3.8504	2.3974	0.8783	8.3328	2.4007	3.9868	2.8197	4.3941	1.6789	5.0024	1.1531
7.4694	3.4207	2.7034	7.1039	6.129	2.693	1.6556	3.0252	3.4945	2.8845	3.6853	4.1738	11.2186	4.3996	10.259	5.9659	6.5276	5.9296	3.9608	9.1914	5.8505	2.2109	0.6043	1.3264	0.9678	1.5185	0.4917	0.7859	4.5653	3.4683	1.3281	4.4835	3.732	1.0226	3.493	2.7765	7.2621	3.0163	0.635	2.3241	3.1048	1.9974	0.9241	1.4755	3.0477	0.8686	6.9847	4.1918	3.107	3.0734	5.7795	12.7379	6.251	1.9701	0.8766	6.6092	4.0184	6.7827	3.1896	8.7087	5.7338	5.4392	4.3287	3.7459
9.8936	6.0484	2.6277	5.9514	13.8183	2.0751	3.4776	3.1714	2.3995	1.8416	1.7321	2.3151	9.7838	2.8383	7.6845	8.2816	4.8306	9.1531	2.8131	8.6652	1.9955	0.7878	0.6866	0.4306	1.2774	0.4353	0.6487	3.2044	2.0983	0.7971	2.546	4.4269	4.7773	2.0152	0.9292	4.8713	5.1789	0.5817	0.3105	2.3091	2.063	0.6634	0.2974	1.2999	5.0684	1.2563	6.9837	5.397	5.3743	5.3075	1.6978	10.5192	3.1432	0.4369	0.8035	3.446	7.1443	5.3886	1.5427	11.925	6.4699	2.8834	8.4805	6.8625
2.855	3.5571	0.6841	3.796	10.836	4.1004	1.8871	2.497	1.0046	1.8936	0.7778	1.5704	14.1933	1.9478	8.2853	4.8219	2.4845	9.5981	2.0269	7.899	3.4312	3.5492	2.3053	1.2718	0.9726	1.8244	2.1635	1.2618	2.8597	1.9351	1.6542	3.8079	2.0898	0.6741	0.6977	3.9165	4.8187	1.9474	0.9197	3.3816	2.0994	0.7287	1.9822	3.2008	5.1692	1.2885	11.9381	6.1014	3.8214	7.0768	1.44	13.6251	2.2729	1.0337	0.4578	3.0669	3.356	6.3592	2.9461	18.4195	3.7945	1.73	9.216	6.5737
10.9786	7.0666	1.965	10.4762	16.234	3.7787	0.902	2.7322	2.3129	0.3456	0.448	4.077	16.6924	0.6918	5.2918	9.9971	6.009	11.2444	0.432	4.9419	2.9329	1.1989	1.0804	1.7975	1.4378	0.1858	0.0468	0.597	1.8143	0.2477	1.3267	3.112	2.565	1.5758	0.3368	1.301	0.3313	0.1235	0.0597	0.2909	0.5276	0.0146	0.6251	1.699	6.2129	0.4228	7.4544	5.1607	11.3402	3.7557	4.7245	16.0503	2.6365	1.9075	0.2005	1.3939	1.8308	0.2586	1.7494	13.1909	12.0649	3.448	3.0155	13.3667
1.9393	3.5146	4.1693	0.7634	3.9933	6.5502	1.5675	3.8901	2.2134	4.8431	6.9649	4.4512	1.6634	1.6303	2.3479	0.6178	3.5618	7.3775	6.7784	1.3973	9.0666	10.5539	5.1589	4.3225	3.4859	2.5636	2.9774	2.3968	2.2298	7.5757	8.359	1.0825	3.4026	2.3609	5.2891	2.0065	3.055	5.9181	2.7984	7.8826	2.7648	6.3615	5.2704	6.1355	1.1272	3.1632	10.6337	2.5086	1.0286	2.121	2.2536	0.5324	2.8744	5.9405	1.9082	3.027	4.6021	5.8838	7.5312	4.9275	0.4768	0.9788	2.7168	0.2744
0.6691	0.117	1.2961	3.7994	3.1986	0.0351	0.3785	0.6663	1.2143	0.378	1.8801	5.9703	8.0967	0.4771	16.6513	5.8907	0.1652	0.112	1.1469	6.6802	0.0522	0.0	0.0268	0.045	0.2307	0.14	0.3971	0.7653	0.2959	0.168	1.4696	0.7679	2.3613	0.5558	3.7168	4.055	3.6287	0.0415	0.6219	1.0816	2.1445	0.7162	3.0267	6.484	10.6122	1.2682	30.442	9.1243	2.1322	3.497	3.2397	14.7674	1.2708	0.0494	0.5977	1.0441	7.1372	4.1772	7.3105	39.9999	4.097	1.0714	10.4585	8.118
8.0239	9.0412	5.0164	2.006	7.9979	5.6411	2.1176	5.1559	5.707	10.514	2.6543	3.5583	3.7647	2.6948	3.6307	1.1522	7.0093	3.1985	8.1158	4.9961	6.0127	3.8087	1.8143	8.1874	1.1408	2.3351	1.2174	1.3384	10.3252	4.2136	3.9725	2.6564	5.1029	3.2367	2.4704	2.0302	6.2929	8.1806	1.581	3.9707	2.3246	3.6638	1.4993	1.9161	2.7939	3.2251	1.8898	0.9626	3.8272	5.2774	6.7797	3.6042	3.3784	2.4547	0.4779	4.6817	3.0135	3.2684	3.6691	2.0633	2.6421	0.8659	0.8543	0.7457
16.8857	9.2123	1.8153	2.6432	10.6759	1.886	1.0755	0.8625	3.0609	2.2585	1.8049	2.347	1.7685	0.9506	2.4473	5.3787	9.2695	1.8782	3.9904	3.8279	3.5562	0.4822	0.2311	1.8572	1.5498	0.6001	0.6019	1.2598	0.9755	3.1324	2.7119	7.9252	1.4214	2.6062	1.7823	1.9242	0.9244	0.5416	0.8602	6.0493	0.427	1.7909	1.6992	2.9009	3.2923	3.4712	3.9437	10.9302	2.9193	1.031	2.1057	2.383	3.5988	1.615	1.9886	5.1329	2.7261	5.1333	2.7426	15.1888	2.3225	4.8967	17.1063	25.5179
1.1365	3.2985	1.9831	2.1528	5.9499	8.3107	2.8385	5.5209	3.5185	2.8543	3.5296	1.7616	1.4219	3.813	5.5383	3.009	3.7648	8.6273	2.2257	4.2151	7.5262	5.8103	3.8498	2.6792	1.5026	0.9284	3.9292	4.5934	2.6548	2.8103	6.7663	4.3542	2.3859	6.2427	2.7268	3.4999	1.4951	2.6572	1.5355	3.4961	4.653	1.7611	5.6812	6.3975	5.9849	3.0812	6.1927	3.9515	1.154	4.6542	4.6103	4.2076	3.6651	3.277	2.7249	4.1318	4.8016	3.6473	5.1322	6.478	4.2283	4.2789	2.6159	5.6714
2.876	2.2946	5.8201	4.2216	4.9749	2.3504	1.0514	4.8883	7.0035	3.4144	4.2507	3.7025	4.377	2.8032	3.2262	3.6076	2.0093	2.9975	2.0415	3.5743	1.6471	1.3419	1.3068	7.1057	1.3082	1.7396	1.3387	2.1848	3.4361	5.9049	10.2239	9.7138	6.2936	4.571	6.8621	3.7031	1.2965	2.2406	2.5645	9.7788	7.8389	1.2958	2.7475	1.7115	2.5304	2.8168	3.0883	1.6672	3.7601	1.6125	3.9502	2.4303	2.5116	5.0831	2.1203	7.5302	5.2762	9.6204	5.4463	2.6962	1.4595	5.7354	7.8357	3.0851
1.3913	0.2039	1.9629	5.0772	3.5556	0.0082	0.1669	2.1294	0.6333	0.2577	1.6244	3.9015	8.8622	1.5366	11.2871	6.5272	1.2166	1.0433	0.909	7.753	0.1781	0.0022	0.0697	0.4457	0.3647	0.0836	1.3176	1.1041	2.4338	1.1175	1.4052	3.5752	1.5343	1.6484	0.9643	2.6281	3.1829	0.0282	1.6983	1.1857	2.7851	1.3107	2.8448	6.2405	8.8751	1.6852	20.4919	6.6411	5.1763	2.9643	2.5775	14.6607	4.1451	0.6145	0.9285	4.7918	3.0945	4.4686	7.4128	26.5329	5.4654	5.5408	8.3181	17.3154
4.1154	5.429	4.5962	2.1123	6.2681	3.2726	1.773	1.5471	9.4908	4.8344	7.1448	3.3787	0.5631	1.9399	2.032	1.1421	5.3067	3.9405	9.8655	0.7283	4.0563	2.1756	1.5849	3.3098	3.2701	2.0129	1.5177	1.1664	2.1065	4.1387	4.3923	1.1303	6.2061	2.824	7.7096	2.445	5.9725	4.9679	2.3555	2.2281	3.3089	6.3714	2.6393	1.0173	0.9614	2.6191	2.1081	2.9441	1.1371	0.5687	3.9233	0.3888	3.7539	0.7293	2.3512	4.7068	3.2329	2.1602	1.8921	3.075	0.9891	2.8445	1.3689	0.6719
5.057	2.2297	3.551	6.7738	3.4812	1.2042	0.9252	3.9786	2.6545	1.7342	4.2032	1.9633	6.9755	3.6991	2.3298	5.7958	3.5985	1.4039	2.7371	1.9072	0.5089	0.0454	0.2006	1.1912	0.617	0.2876	0.7464	0.8201	3.3716	0.4726	1.8132	4.409	4.0824	1.9876	0.7945	2.6912	1.2586	0.2424	0.3549	1.5143	2.2181	0.5586	2.5076	2.7251	3.9835	2.2988	0.5697	3.3435	4.7237	4.0932	3.4882	7.5731	4.4276	0.5	1.0287	4.1555	3.4757	0.9317	0.4223	3.5353	5.0622	3.6934	3.4901	6.3861
4.745	2.9288	5.889	7.0225	1.5009	1.3962	0.9276	3.9848	4.6084	7.039	3.9208	2.2503	2.0075	4.8046	5.2195	5.5589	5.2065	1.3203	4.48	3.7778	4.4467	0.818	0.9724	3.7189	2.4497	1.5635	1.3197	2.3011	3.6546	5.8626	6.3887	6.2259	5.2536	1.3625	3.261	4.0886	5.5703	4.3496	3.197	8.9652	1.1739	5.1801	2.7357	2.6946	1.6263	2.7024	3.5423	2.6934	5.2809	1.5944	2.9056	2.5511	4.5515	3.24	2.5501	5.4342	5.8475	8.1426	3.9369	3.4568	5.4065	2.7324	6.3248	4.9659
5.633	4.3754	4.1206	4.3555	6.53	3.4429	1.7288	6.883	2.845	3.3988	6.3021	2.1697	3.0574	5.0518	2.766	3.494	4.2137	9.8461	5.1074	3.2811	5.2451	4.6436	2.3939	6.2756	0.9868	2.8111	4.2505	1.4718	2.7625	7.7068	3.111	10.4962	2.3637	1.8372	2.8422	3.7687	7.6419	4.3036	3.058	2.5552	3.2236	8.2248	4.0983	3.9266	1.2327	1.435	5.7484	2.8501	5.8017	1.8677	2.5685	2.3181	2.8879	6.1717	2.3305	8.1007	3.9714	3.1227	4.8222	3.9286	6.565	5.2977	4.3572	13.6589
6.3055	1.2352	8.4862	3.5591	2.9031	2.5823	1.646	3.6647	5.9609	3.7055	8.8059	5.5119	2.8657	3.7696	4.8691	4.0123	1.1363	5.624	7.2338	2.9231	6.0793	4.306	2.7688	1.6802	1.1615	3.2037	3.1885	2.5056	3.5034	2.055	4.5043	5.1954	6.557	2.432	6.2927	4.1124	4.6554	5.602	4.3786	7.6535	6.3794	7.9508	8.6781	5.0105	4.0142	1.7407	7.473	2.4099	5.5434	1.6929	3.2941	4.8013	3.9215	2.7777	1.9003	2.2704	5.0658	7.4132	5.3111	2.0494	4.9546	3.6075	3.0616	5.5465
2.4246	1.1754	3.0013	2.2364	3.5083	2.0471	2.1114	2.5126	4.0974	7.1241	3.3636	5.5768	3.0283	2.7148	6.1837	2.2432	2.1219	2.447	6.2748	3.8941	2.4369	3.2797	4.1246	6.1323	4.0435	5.9302	6.0864	2.9317	2.1146	4.9648	3.0319	6.6384	2.5456	1.8349	7.3073	3.6276	5.7522	5.0077	7.934	3.2282	3.4674	3.8769	4.6108	7.4474	4.0946	2.6591	7.3393	7.0886	1.6771	4.6773	3.5271	4.411	2.7775	6.4389	5.0995	3.7005	3.6844	5.6381	5.3349	5.226	4.7223	8.1482	3.4084	7.2752
1.7456	3.6502	2.4714	4.4843	4.0441	3.4985	1.0485	5.7551	3.5147	2.1245	3.0706	2.5216	5.7273	4.3647	5.8391	3.0435	1.9009	3.5724	1.8211	8.1445	3.6293	1.7211	0.8626	3.9271	0.8917	1.0507	0.6715	1.2079	4.7405	4.0565	7.4793	4.2797	4.348	1.4704	2.8252	1.6131	3.2936	1.1712	0.5995	3.577	1.9503	0.7294	0.4768	4.2275	1.2686	5.1132	1.4475	6.2889	3.5239	5.5725	2.8986	4.4247	4.4454	4.0035	1.553	7.5551	3.3595	5.9945	3.1762	6.0651	4.7402	4.4858	4.2616	6.6997
5.8304	2.7314	2.3511	3.8857	2.2703	5.1938	1.5367	5.9903	1.532	3.5782	3.2672	1.8808	1.175	3.0007	3.2857	3.1113	3.9914	5.0415	2.8513	2.8127	3.9564	5.574	5.1759	9.3671	2.4137	4.1984	2.3262	2.122	4.2404	10.0985	12.25	4.5196	2.1719	4.1299	2.1507	2.6583	3.9073	8.2722	3.6087	8.284	3.4312	7.3609	2.3823	2.0572	3.2985	3.4113	4.6243	1.6037	2.8405	3.2218	3.0373	0.913	4.6173	5.8157	2.6097	7.4087	3.0863	9.1016	6.0213	6.1195	1.3022	3.9492	4.2587	1.3509
1.77	1.8205	3.9992	2.6102	1.0673	0.9461	0.611	2.9637	4.0978	5.3403	4.8444	8.8573	2.3128	3.2866	6.1682	6.8875	2.9988	0.805	3.6342	4.8571	4.4623	0.8866	0.7902	4.7447	0.8068	0.6102	0.5375	1.9481	4.3916	4.9603	6.2207	7.7893	0.8678	1.4934	7.5437	3.9054	2.4335	2.4639	1.0419	8.8306	3.1821	2.5242	0.9991	3.7626	5.3943	3.8346	4.3606	9.1879	2.37	1.3506	6.8518	7.1962	4.4373	6.6236	1.4548	7.2441	5.5786	6.2114	3.8795	8.1658	7.6786	7.7783	7.0816	17.4818
17.8348	4.4054	2.8273	6.8108	3.7264	5.7541	1.6241	3.6179	3.8206	4.3502	3.6968	1.8871	4.2535	3.8879	3.6918	0.3644	4.8302	3.7204	4.5622	2.653	4.0798	4.6875	5.8231	3.5723	3.0145	4.791	4.1155	3.1472	2.5681	2.7571	4.8143	0.1608	8.4507	2.5999	4.3688	2.2817	2.7253	5.7492	5.3247	2.4072	7.8359	4.434	22.2923	6.5602	0.9445	2.6884	8.6661	0.1558	2.3723	2.1493	1.9811	0.6552	4.9148	1.672	2.275	0.6045	3.0352	2.6284	11.0172	0.8611	0.181	0.102	0.3618	0.0182
6.6748	4.4266	7.6206	5.2941	2.2808	5.5429	1.3362	4.8709	4.6052	5.5113	6.6891	6.038	3.9813	3.5119	3.4552	6.8277	3.5924	2.5214	4.5273	2.3814	4.1217	5.7055	2.2824	8.0541	2.4806	0.7439	1.1577	1.4324	7.5415	3.7275	4.5936	5.0507	8.4212	4.3021	5.7328	3.4026	2.9034	4.7253	0.9425	2.9024	6.2281	2.0826	3.1833	2.1193	2.2333	1.5699	5.3526	2.4981	5.2463	2.5526	4.9852	8.0851	3.7573	4.1512	1.3046	4.0693	8.5582	2.9847	2.5837	2.3783	6.8734	4.548	2.8536	4.8565
19.8758	8.5266	5.8135	3.5493	5.1531	5.2566	2.3304	2.8564	4.2824	3.2909	3.731	2.9238	0.9139	2.4711	4.9703	2.7367	7.7255	2.9325	3.6232	2.237	6.7454	5.5138	2.5164	1.216	3.2017	2.5301	4.5147	1.6738	0.7146	4.8692	3.2771	2.2366	8.0591	3.374	3.4017	4.103	2.5873	3.973	3.8331	2.5215	2.1036	3.4504	3.1402	4.3926	1.6237	2.7124	6.928	3.3327	1.7246	0.8121	1.2821	1.3291	2.0241	1.4478	3.2405	5.6695	8.841	3.6944	1.5911	5.6977	1.1821	2.6886	3.7834	2.6065
8.0836	2.5453	5.2632	5.1326	3.5043	1.5521	0.6693	2.3241	5.4559	0.6544	4.4979	6.4487	7.7071	2.1442	8.7756	4.4905	1.5407	1.454	2.9609	5.9406	2.6449	0.2014	0.498	2.0919	0.3969	0.2018	0.6658	1.3912	1.7288	2.7802	3.3258	3.5457	5.2198	0.5821	4.705	3.1927	1.645	0.2796	0.4788	1.7638	2.7772	0.3768	3.1465	2.3941	6.4331	2.6127	3.214	6.3593	6.1793	3.4512	4.7202	8.7566	3.7457	3.0199	1.1054	4.9781	5.1362	2.9963	2.6325	8.2996	7.0333	3.6441	3.8483	8.9432
0.1498	0.693	2.7431	1.3892	0.5521	1.2563	2.1037	1.2839	2.0516	6.3725	3.9101	3.8544	0.5676	1.5596	3.3733	0.783	1.8187	1.5307	8.4003	2.1184	2.866	4.1167	5.0363	5.5375	2.5999	6.0311	4.45	3.9357	0.9674	5.6548	6.9895	8.3356	2.6736	2.1949	3.3953	3.7746	4.7459	7.2291	3.8765	8.2391	4.7068	6.8261	4.7564	6.5951	1.4556	6.4608	5.4659	4.617	0.7499	0.7769	1.7468	0.7445	5.669	4.5617	5.995	4.8091	3.4413	4.8605	10.0029	4.0226	1.155	6.655	6.6646	3.729
6.6316	4.4583	3.668	7.4578	4.1297	1.1144	1.0383	4.4434	3.9659	4.0021	6.0612	4.0807	9.3895	2.6384	5.7977	6.8081	6.9646	2.9611	3.9915	3.8699	3.5923	1.3955	0.9995	1.8872	1.584	0.4171	1.2735	0.8526	2.9252	2.0596	5.4868	2.104	4.074	1.3762	6.3066	5.4857	2.8023	2.2068	1.024	3.5441	4.6894	3.9922	2.5428	2.9984	3.297	4.5838	4.7183	2.2262	4.4488	2.1918	4.4691	7.7814	7.1452	3.1672	1.1915	2.718	7.337	2.846	4.8502	6.9485	2.8441	4.5043	6.3323	7.2033
1.9696	2.6142	3.1987	4.1834	4.8404	1.439	1.8553	3.2062	7.5955	5.4272	4.2815	5.5181	1.1655	6.66	5.5238	3.3638	4.9002	2.9734	8.4665	3.3217	2.6747	0.6622	2.2365	3.3404	3.3375	2.5913	1.6598	1.8435	3.0531	2.6944	6.8317	6.648	2.3842	4.7051	8.751	6.4869	7.6341	2.4306	1.9074	3.4414	6.412	3.2972	1.8761	3.7781	1.3617	5.4982	3.9924	3.4124	3.0334	1.0451	2.6854	2.6914	4.4388	4.194	3.1895	7.6312	6.6029	4.084	7.6708	3.0945	4.1923	4.2255	5.2155	6.9921
4.7724	3.6671	3.1077	2.9948	4.2995	0.9227	1.5426	5.6708	2.1335	3.9846	4.7243	8.8145	3.1856	1.2476	4.3856	2.327	1.5532	2.7728	6.3446	3.3532	2.0322	0.5045	0.8848	2.2773	0.9717	1.1382	1.5185	2.017	5.1182	4.3521	5.1041	6.7819	3.9276	2.8958	2.5916	2.0983	3.669	2.0117	1.0148	5.0434	2.9668	1.9441	2.4624	7.0646	5.9986	4.1438	8.947	10.3289	4.5454	3.861	7.9849	2.6873	4.0733	3.6337	2.1217	7.7257	5.4064	4.0057	5.5886	10.7652	4.9547	7.9785	7.0645	10.8243
6.0603	3.038	8.4583	1.6088	4.6629	2.5771	1.5734	4.55	5.5861	3.8442	9.7158	4.1643	2.3818	1.3866	3.6451	2.7802	2.793	4.401	3.8748	2.303	2.3419	2.3575	2.3907	3.3627	2.1984	1.0611	2.7829	1.2237	3.4749	2.0825	3.0983	5.0623	7.3308	2.4016	4.7784	3.2707	2.9279	3.3733	2.2336	2.9353	7.5957	4.4284	5.6008	8.4461	6.9929	2.0383	7.5597	4.7141	2.6706	3.4063	6.1648	3.0492	2.9284	2.0284	1.0379	2.8715	2.1893	1.2552	6.889	8.2489	4.0664	3.359	4.7058	5.4222
2.7252	1.5305	2.6368	2.7707	1.6718	3.8214	1.1302	3.3595	3.6847	3.6009	5.0997	3.5048	0.7134	3.5509	3.1991	4.602	0.3361	0.8766	4.3839	3.5079	3.1065	3.1743	1.7598	6.0314	1.2212	1.092	1.6424	1.8595	1.8071	3.8314	7.9167	8.6666	5.6021	6.1719	6.9153	3.5029	0.7219	1.9992	1.0554	5.0224	8.9431	1.0714	5.8427	3.492	1.1497	2.9143	7.5538	2.7943	1.0737	1.3586	2.6284	2.1159	3.2279	5.0325	1.8667	7.3601	8.6528	3.0334	8.6675	5.7611	3.0788	5.6899	8.0947	8.0164
4.4353	0.8058	4.9867	5.8186	1.2431	2.9159	1.9497	1.4105	8.4139	4.136	6.2866	6.6003	3.4203	1.7152	5.4297	6.3067	0.8037	1.4921	3.6193	1.2245	1.7329	1.1126	1.1276	3.7434	1.4707	0.3785	1.4375	2.0468	4.589	0.2258	3.4969	1.3703	5.8234	2.1841	8.9244	4.0351	3.0024	1.6571	1.2034	0.9351	6.8621	0.9197	4.9788	5.0535	6.7999	2.8955	6.4051	6.4259	4.9713	2.9551	9.2615	5.8485	0.9844	1.9743	0.9731	3.3632	4.5739	0.9579	5.8543	7.3802	8.1282	2.0524	3.9826	5.7116
0.6444	2.0046	2.243	0.9282	1.44	2.233	1.4673	4.4151	5.5579	3.9227	4.4709	4.2709	0.8065	3.2445	1.3185	1.5782	2.136	1.1515	7.2967	0.9764	4.2557	2.643	2.2524	2.3781	1.8504	1.2979	2.7106	1.8713	1.1472	4.7054	7.2314	7.3113	2.4911	4.2132	7.1257	3.0268	3.5089	3.9174	1.7511	3.2027	5.1769	1.9515	9.0127	8.5134	2.1938	4.8639	5.8055	7.3284	0.5418	2.1783	1.5405	2.0161	2.2908	2.4768	2.1365	9.702	4.2435	5.1712	9.4931	7.6242	2.0444	1.9634	12.6447	7.3146
1.887	2.682	4.1502	1.6403	0.8323	1.4111	0.9115	3.0282	5.1531	4.0413	10.6838	7.0763	3.2005	2.8932	3.8076	2.3784	2.386	1.1039	7.8346	6.2091	1.1352	0.3718	1.036	3.7354	1.5188	1.0041	2.9073	1.0764	2.006	2.9251	5.7593	3.433	3.3792	1.2155	7.4064	2.4269	8.3924	2.2891	2.3497	4.3775	5.0806	5.1958	12.0275	10.9727	4.2022	6.4662	10.6513	5.8489	2.9007	1.4198	7.8545	2.0917	6.9503	2.1491	2.1005	4.0232	2.4591	6.1261	7.5357	8.1687	4.9027	2.8754	3.9249	2.5828
2.2296	3.3368	2.8598	0.5626	6.0826	0.6346	1.0715	0.984	2.7555	2.4131	5.2776	3.5413	1.806	2.2817	4.4247	3.8425	4.2067	1.3521	3.6243	2.7264	0.5602	0.1714	0.4379	1.7676	0.761	0.6322	1.91	1.5532	2.5017	1.2642	6.7814	6.0215	2.0832	3.3552	5.6494	4.7293	3.5784	0.7205	1.6307	5.1077	7.9177	4.9857	7.2866	5.3717	1.6134	2.5682	9.2187	4.4541	0.4829	0.4814	3.4743	2.5275	1.573	1.3831	1.7122	8.531	4.9845	3.005	11.8945	7.4443	1.0358	6.5863	7.3948	6.8633
5.8771	2.667	0.7457	6.1054	0.7624	2.7851	3.1226	7.8243	4.0784	1.2771	1.7445	1.2864	2.5374	3.8381	2.3874	6.0868	3.4235	2.3368	1.9874	1.881	1.3965	1.7323	1.3295	8.301	2.3652	2.4915	1.2513	2.7153	4.4128	8.2218	8.5373	6.902	2.8671	4.6662	2.9092	3.8648	1.6369	2.6683	0.8589	3.8125	3.1839	2.1142	0.5682	2.3569	2.2484	4.9141	3.2859	2.1885	3.2212	4.8004	2.2478	2.8842	4.4826	6.4041	3.0665	8.4926	4.655	3.2026	4.4676	6.1007	3.9166	7.0215	4.2952	9.1445
3.8976	3.4416	8.3225	2.8949	4.6986	1.5288	1.3684	1.8801	9.7296	4.9123	7.0761	3.5066	3.6957	1.2805	10.5073	3.5768	6.4194	1.0945	5.9971	3.279	1.9644	0.1978	0.4519	0.6516	1.5416	0.7261	1.3029	0.7321	2.7091	2.733	3.9408	4.649	5.9098	3.9772	7.3252	7.7697	7.3317	0.532	1.713	3.4564	9.0055	3.5732	5.4685	1.9769	3.4285	1.9885	3.1253	4.3191	2.6211	0.963	4.337	5.6061	2.7015	0.728	0.7646	7.2761	5.1788	3.8213	6.6393	8.2526	3.5476	3.5849	6.2889	3.8433
0.7871	0.7622	1.7434	3.5988	0.7801	2.1655	0.2196	3.5224	2.425	0.786	5.7679	1.2774	3.6769	3.2714	2.7347	8.9135	0.4453	1.8996	0.4071	5.7664	2.8399	2.8016	0.2545	3.3653	0.1965	0.2995	0.5489	0.6193	3.5149	4.1681	3.1854	7.4493	3.3055	1.9499	3.4841	3.1775	0.7726	2.2153	0.0882	3.6131	4.5079	3.2181	4.5579	5.1983	1.6949	0.8272	5.8669	2.3461	2.3741	2.2059	2.7353	5.8483	6.0499	3.1433	1.1019	8.0622	4.7525	2.4189	5.603	3.0942	4.4545	10.4724	3.8261	16.1905
12.8879	4.0177	8.0331	4.8526	2.3637	1.8282	1.8017	4.0418	6.8989	2.0643	4.0209	6.4869	3.7605	0.6339	3.9257	4.1614	2.8253	1.3721	3.7205	0.8043	3.0142	1.6565	0.8317	0.5868	0.9701	0.4303	0.7062	1.6578	6.0609	1.6699	1.0043	4.6973	5.4548	1.7319	2.7426	1.5432	1.2326	0.5971	0.4632	3.9282	1.0847	1.5722	3.1791	4.7508	4.7246	2.2637	4.1526	7.3687	8.575	2.7416	5.3988	5.3912	1.6879	1.5807	0.623	4.8681	2.3809	1.5463	5.3521	4.3338	7.4276	3.5887	5.1519	8.7951
3.3793	2.8109	4.6116	5.301	6.0902	2.7462	2.6121	4.0922	4.4217	4.6172	3.7355	7.0124	4.0742	3.5916	6.6037	5.6973	4.2608	5.9735	9.249	7.133	9.1934	4.4243	2.1326	3.4423	1.0244	2.8765	1.2179	3.5927	2.745	7.9568	3.2622	2.7937	4.0794	3.4874	2.2151	4.6334	4.8704	5.7986	1.3354	4.8939	3.5356	4.4331	1.0378	1.4742	1.7029	3.7096	6.639	4.3615	4.4879	3.2008	3.624	3.0074	6.38	6.3098	2.5579	4.5917	5.4021	5.2087	4.5668	4.5883	4.4548	5.5275	2.9051	3.5408
5.0827	3.6345	3.8368	4.9277	4.3801	1.6272	0.8849	4.2044	6.04	0.8602	2.5408	3.1821	6.7525	2.5689	1.5817	6.7721	1.9838	2.7003	1.9606	5.4931	0.9027	0.2168	0.3829	1.9047	2.0691	0.8148	0.8897	3.4003	2.2357	1.7139	5.0551	7.9329	4.7803	2.6238	4.287	1.6316	3.0743	0.7726	0.8436	1.9013	1.311	1.1671	1.8783	3.7319	2.2974	6.6166	3.7494	5.688	5.7885	2.307	2.524	5.7992	5.2358	0.8446	3.6416	8.5592	3.9299	3.7367	2.6692	7.6119	5.4445	7.6707	7.3906	16.9173
8.9585	2.0416	7.7918	5.5276	6.2268	1.7582	1.2422	4.0018	6.7669	4.5332	3.1836	1.8061	5.6127	2.0422	4.0619	5.5483	4.6846	5.8316	2.879	5.3333	2.3307	0.371	0.5596	1.2214	1.0511	0.6432	0.5867	0.8759	2.3921	2.0987	4.5941	4.572	4.8272	2.3105	4.3643	1.8253	4.7016	0.8537	0.7517	3.2184	3.4978	0.9458	1.416	3.1247	2.5149	3.3819	2.3943	4.7453	6.0411	1.2075	1.8503	4.32	5.2933	0.9529	0.668	4.823	3.8802	3.4084	4.5118	7.1946	2.8989	4.1942	7.8621	11.3141
3.0363	2.6136	4.8839	3.2257	3.6532	0.8916	2.3477	6.1697	2.7252	3.1962	3.1625	9.04	2.9335	2.192	6.3361	2.8878	3.5401	4.1454	6.289	5.0789	3.2043	2.6296	1.015	1.8271	1.619	1.5341	2.0666	2.1778	3.9531	1.313	7.2728	4.8985	3.0314	3.7825	2.643	2.1635	4.6575	2.7874	1.6696	5.4961	3.8486	4.0027	2.3501	2.5088	4.1786	6.858	6.6016	4.3237	4.0087	2.3154	3.9207	3.9688	6.0521	2.2545	2.0027	4.1235	3.2796	5.7086	5.0431	8.7324	3.1313	4.0791	2.5887	5.2545
0.9823	0.7938	6.1244	1.123	3.3321	0.5077	1.0615	2.5172	4.8694	4.727	8.3255	4.9348	0.9389	1.4888	4.3917	4.2154	3.7767	1.9893	5.574	2.5031	0.6382	0.2633	0.4276	3.1735	0.8016	0.9863	1.1505	0.9069	2.9067	1.7636	3.948	6.1865	1.7535	3.2185	4.8395	4.8927	6.0385	2.6335	1.5877	5.6523	4.2648	4.6847	6.8027	5.2408	1.9856	2.1729	4.9289	3.7428	2.5006	1.3856	6.4444	2.5373	3.4303	0.961	0.9365	3.6975	4.7376	5.7027	5.1717	2.0182	6.6429	2.1188	5.4434	8.1209
5.0078	4.694	5.0457	5.354	7.028	1.9274	2.1613	1.7986	5.6265	2.2185	6.3992	6.5228	3.6728	5.0331	6.9456	7.3469	5.9143	2.4858	6.2661	4.2873	3.2189	0.5662	0.4814	3.1537	3.6207	0.7156	0.8347	1.0534	2.6029	2.8026	2.3667	6.37	5.8153	3.0526	4.5078	8.7062	2.6677	3.1857	0.9442	4.6679	3.7623	3.295	1.5027	4.3559	4.404	1.8937	4.5709	5.6216	3.2897	2.6867	4.3281	4.4599	4.6417	2.5794	2.1082	4.9692	8.9236	5.7499	3.9235	4.409	4.0111	6.1405	9.1476	9.1237
1.9991	1.9296	3.5586	4.6207	0.601	2.8766	0.318	1.5401	3.2492	0.8065	6.4921	4.1663	5.0374	1.7821	4.4163	7.4963	1.7951	1.3628	1.6412	2.3832	0.6423	0.5115	0.4343	3.8874	0.3522	0.0408	0.3361	0.2893	2.3941	2.4145	1.5672	3.5398	2.5955	0.9356	5.4303	4.1809	2.2118	0.3917	0.2566	1.3466	5.8798	2.9423	15.7049	4.4731	3.0486	3.9524	2.4592	3.2206	4.0486	1.1404	3.0339	7.3268	3.7288	1.8911	0.5302	3.6481	3.3738	0.582	6.3574	3.7464	5.0342	1.9528	7.1237	22.3198
1.3344	2.9728	2.3536	0.6942	1.6087	5.7167	1.6819	3.768	2.6591	5.6301	2.7763	2.8209	0.6215	2.1008	2.0189	2.7849	4.5315	6.5674	6.5145	4.2673	9.384	12.727	5.933	7.9083	1.2991	7.6416	5.6641	2.5465	1.4228	5.4732	12.0059	3.2494	1.0688	1.5254	3.3505	0.4494	6.8604	11.083	7.6565	6.2861	1.9279	11.6384	10.2015	1.1857	0.6054	5.3741	3.5606	2.1816	0.7055	1.545	1.7934	0.3469	4.3655	6.3177	2.1483	4.1843	2.3553	7.1247	6.9208	5.05	1.6645	3.63	3.4817	1.7008
0.581	1.1541	6.7767	0.8443	1.8606	5.2236	1.0984	2.154	4.5508	4.7604	6.29	6.9771	0.6284	1.9142	3.5601	2.7021	3.1759	2.9463	8.3775	3.9635	8.4803	6.5918	1.7699	3.0211	1.0167	1.2782	1.9099	2.1156	0.8811	2.5662	4.0682	7.5267	4.6619	4.7465	5.5132	2.5706	3.3972	1.4097	1.4417	5.2184	5.3243	4.372	10.2272	7.4198	1.6758	3.2644	8.775	6.4448	0.9099	1.0489	1.982	1.4167	4.2569	5.7495	2.0293	4.5729	6.6082	2.8267	9.8287	4.1091	1.8163	7.4337	7.4169	7.0654
8.6268	5.1641	6.3333	6.1803	8.4257	1.1797	2.8072	3.7519	10.2075	4.5542	3.6321	6.5702	4.0005	2.2506	7.0477	1.6103	4.4757	5.2684	6.9059	3.1563	1.5109	0.5684	0.8186	1.1316	1.6227	1.2912	1.0647	2.3668	1.7366	3.3936	5.4763	1.8916	9.7156	3.241	7.2271	4.0123	5.7707	0.9772	1.5208	4.1363	4.6868	1.306	1.066	1.304	3.2763	2.3538	5.2174	3.0727	4.5158	1.4109	4.5531	1.1887	5.0547	0.8667	1.1623	3.0669	8.1761	5.3669	2.6609	3.6823	2.5754	1.8638	2.162	0.6119
20.5555	7.1327	4.5424	8.3824	4.7133	2.0971	0.9474	7.2887	4.5181	3.3888	3.6702	3.263	8.3082	2.5745	5.1646	4.3751	6.7982	3.4519	3.0124	3.4225	4.3193	2.307	0.267	2.1687	0.9093	0.1679	0.4066	0.4275	6.3754	1.5961	1.6664	3.1631	3.1012	1.166	2.296	3.8912	4.4106	1.9492	0.3962	2.0984	2.1905	1.9043	1.4083	2.1003	4.252	0.4359	2.0092	2.6678	13.1927	3.2659	4.9888	4.988	3.0259	2.4267	0.3004	1.2342	2.7478	3.0028	2.1183	3.5683	7.9803	1.6017	1.9487	2.3731
7.7089	9.7622	2.617	2.923	14.9354	7.5926	0.9695	5.0868	3.5478	6.9152	4.4538	2.941	3.7139	2.5354	0.6767	1.1629	10.899	12.5153	3.8754	1.7919	8.2299	6.2468	0.9384	7.0938	0.7953	0.9393	0.6806	0.4239	6.7716	2.7929	1.9732	3.4097	0.8605	1.22	5.7525	0.72	2.6868	5.4713	0.5251	2.5019	2.0018	0.89	1.9386	3.7407	3.1046	0.9732	3.7862	2.2388	3.5945	5.0664	5.2434	3.1454	3.0605	3.1569	0.3604	0.6916	2.1091	2.0502	1.4829	2.993	2.1064	2.3834	1.8598	1.7872
0.5286	3.1886	0.6212	2.2516	3.1617	3.7055	0.6263	3.2019	0.8524	1.7313	2.0556	2.8609	2.0132	3.2202	5.4934	4.7369	1.7467	3.6453	2.4706	2.2129	2.2361	3.2153	0.7012	8.208	0.6997	0.966	0.5865	0.9668	1.6979	5.2004	6.5731	6.6708	1.9414	0.6653	3.9219	5.1859	1.45	3.6508	0.7946	2.7855	3.779	1.3149	2.583	7.2873	3.0779	0.8139	7.638	7.6679	2.0872	2.9212	1.775	4.0369	3.58	3.7497	1.3861	5.8846	6.5869	4.8307	9.9303	8.0799	3.9562	5.2634	10.0445	7.5715
1.912	1.9736	4.4152	3.0517	1.128	3.7131	1.442	5.4197	4.481	5.0978	6.9144	2.7933	2.1723	2.865	6.3733	1.2472	2.4759	3.06	2.6625	2.1755	1.4046	5.4881	2.9879	8.1241	1.9472	1.9315	3.1948	1.3654	6.2199	12.6932	7.7022	7.0135	5.5288	1.7192	8.0972	4.521	3.6323	3.5711	1.8304	10.0173	7.1181	6.7255	10.0228	4.614	4.3576	2.777	6.8372	1.8566	1.5073	5.0756	5.3292	2.9006	4.7187	5.4343	2.6354	10.2579	5.9171	5.1954	7.5755	5.4464	2.193	5.0213	2.9024	3.2579
8.1369	3.4074	5.1999	5.7148	3.9872	3.4623	1.6276	6.1404	7.9722	10.1903	4.5139	2.0298	7.6009	3.025	4.2372	1.041	5.9452	5.35	6.4342	5.2061	7.5415	7.6073	1.7311	4.7002	1.6143	1.9694	2.2981	1.6192	3.2611	6.7986	7.2386	5.0955	1.9551	3.8313	8.507	2.8284	6.2423	5.662	2.4277	5.7386	3.6983	2.7643	1.5334	3.6744	1.8671	2.586	1.6774	5.0533	6.4224	2.7095	4.7315	2.3433	5.0908	4.7597	1.5267	6.7331	3.7941	5.3639	3.4775	4.4967	3.3135	4.4793	3.5119	6.4085
0.6214	0.8503	4.6077	1.168	2.2299	2.74	2.8837	3.2875	3.7358	4.923	5.5778	9.0728	3.2091	3.0721	2.9185	2.2199	1.0774	4.7822	8.6112	2.8749	5.0641	5.4098	3.7815	6.1665	2.1022	4.5879	2.4415	4.5863	1.7418	7.188	8.4765	5.3393	2.8558	1.6589	5.202	2.6488	4.8567	5.1475	3.4784	6.052	3.7973	4.5167	4.1647	3.7517	5.1781	8.171	6.5563	5.5635	2.6791	3.7133	4.7143	4.7124	5.1959	7.0828	3.6735	7.2969	3.8698	5.215	4.0498	6.8355	5.8146	4.6743	2.4687	8.9622
1.4415	0.6411	2.9973	2.8658	0.7093	1.5456	0.6665	3.4481	2.3025	1.9278	7.1252	9.4496	2.8459	2.9918	2.7546	8.046	1.6807	2.9805	3.874	3.1239	4.0424	2.1417	1.7901	2.4608	0.5221	0.3432	1.0648	3.562	1.2154	1.5954	4.1377	7.2049	1.1295	0.7858	7.4548	5.8246	0.5148	0.6645	0.7237	4.2531	8.4749	1.2198	12.3312	11.3688	5.3068	3.117	11.0554	12.9469	3.7068	2.3566	6.4082	5.1212	6.6087	6.2836	2.314	5.5151	3.3385	2.707	12.3105	7.909	8.1734	13.3543	6.5494	14.9817
0.5585	0.1818	2.8319	0.5716	1.5076	1.5306	1.0381	0.9481	4.8775	4.3649	8.828	6.7757	0.4409	0.6662	3.4399	1.6585	0.4971	0.7451	4.828	2.7095	0.9059	5.0296	2.425	10.117	0.9275	1.83	2.7067	2.3285	3.1455	6.4977	10.6879	6.2907	2.0485	2.3484	12.5072	2.2509	5.1634	3.4575	3.4293	6.7789	7.6738	6.7125	13.8111	10.2054	1.0625	6.9191	14.8803	5.0822	0.2513	1.7899	2.7706	0.6833	1.228	8.4848	2.3	8.8276	4.9864	6.5038	13.4924	8.6252	0.8442	6.9492	5.1663	4.9143
3.6547	6.3433	5.5435	0.9026	3.6575	3.1093	6.2661	3.7689	5.9408	4.1617	6.4662	5.3078	1.405	3.4382	2.2179	1.3762	3.5603	2.7922	6.6231	1.5261	2.0061	0.533	2.8284	2.0057	7.8029	1.23	4.7776	3.7131	2.5096	4.5136	3.9005	3.985	7.897	3.9338	6.4695	3.5932	3.8436	1.0424	2.7713	2.8014	4.4857	2.9478	3.9015	5.4923	4.8923	5.6929	4.4974	4.2962	1.394	3.4654	3.0478	2.3478	3.9789	2.3432	5.194	6.2063	5.3432	2.4222	1.9172	4.7141	1.563	4.1218	3.9667	2.9093
2.9154	0.5242	4.5644	2.4895	1.5539	2.1053	1.0133	2.4779	8.1439	3.7682	6.652	3.9782	1.0687	1.3024	7.6479	4.1401	0.839	2.0869	4.7084	3.2901	3.6108	5.2101	1.8569	3.6864	1.4328	1.2706	1.9525	3.6273	2.1032	1.6212	11.1924	3.9319	5.0243	2.1306	9.2147	5.4723	2.4769	3.7915	2.618	6.7476	6.3396	5.1631	4.4918	6.0837	5.1227	6.6518	6.9994	6.0956	1.5979	2.3784	4.5514	2.7431	3.1693	3.2476	1.7968	5.533	5.7396	5.5118	10.511	10.9024	2.8249	4.3003	7.0746	3.8965
1.7426	4.1537	5.7188	2.2364	2.2921	4.1816	3.5437	6.2579	6.779	4.7251	5.98	5.4393	1.2673	3.1774	1.452	1.1049	3.5012	2.9482	8.0077	1.3568	3.4648	6.655	4.8433	6.1177	2.9182	3.9137	3.2739	3.1625	3.1725	8.6045	8.8666	4.7174	6.0652	6.0694	4.7628	2.2196	5.9453	5.3808	3.2421	5.2235	3.3739	4.2776	2.457	4.5637	4.9292	5.5081	4.1884	1.4851	2.6885	3.6485	3.1435	0.9054	4.0846	5.1805	3.2988	7.689	6.1906	6.7645	2.7367	2.3947	0.9883	2.8025	3.6013	1.3146
5.8824	3.5986	3.0572	3.9391	3.7021	0.9514	1.4254	3.4577	4.0291	3.3423	2.3519	2.2181	1.1131	3.7224	3.8057	4.2893	2.0359	2.0319	3.4116	4.6049	2.8203	1.5421	5.9215	3.433	1.0239	3.8519	3.0587	6.5139	3.8009	3.9067	6.3946	5.3883	4.5524	1.6296	2.9618	1.4768	4.5098	5.0593	2.9374	6.5636	2.3767	3.5096	2.1302	3.6466	2.4555	5.7449	5.8925	3.333	4.0442	2.3207	3.5795	2.5361	1.5865	6.3802	4.7145	6.0383	3.3216	8.5934	4.1168	4.8943	3.8448	5.4168	4.258	10.5765
1.1778	1.1765	4.405	0.2986	2.8542	2.1785	1.9818	0.7842	1.8141	8.8196	6.1609	1.7373	0.1309	2.1062	1.8489	1.4525	3.4275	3.3272	7.2724	2.1732	4.8351	7.8196	8.0082	4.8256	3.3197	10.6756	10.5457	3.2432	2.835	4.9298	6.2665	3.2709	2.1117	3.2688	4.9576	1.8119	7.3936	10.2174	12.7276	10.1377	4.1991	15.4825	8.5828	7.2185	0.954	3.3336	7.338	5.3047	0.477	0.6873	2.2363	1.2554	1.315	6.3292	4.4954	1.3493	2.9444	4.4504	9.7677	4.5208	0.7458	3.1145	6.1957	3.4138
3.9998	3.9599	4.0042	1.4031	3.0722	5.7399	2.9442	4.248	2.6755	4.5361	6.1185	9.442	1.3747	3.0487	1.6621	1.3559	2.8995	5.9864	6.3899	1.2899	6.9561	5.7238	1.9086	6.3331	1.2826	4.048	1.9911	2.3318	1.9684	5.7158	5.2644	6.4584	4.8905	1.7375	6.7977	2.007	2.7966	4.8295	3.351	2.8051	8.1574	2.3115	9.2651	3.887	3.6714	5.1655	4.7152	4.9889	1.5313	4.2828	5.3713	2.6116	5.4304	5.1255	1.5255	6.0967	3.4888	3.2996	6.2632	2.7876	6.125	4.3671	3.8929	2.9913
1.238	3.3406	6.28	0.3862	2.088	5.2746	4.9973	4.0762	4.8088	5.9139	7.7511	0.9619	0.218	0.8024	1.9525	0.1126	1.9664	5.1161	5.5508	0.7599	4.1763	18.5606	13.2384	7.8913	4.6645	10.9068	11.116	2.8172	1.0618	10.5508	5.3165	2.9167	7.7813	5.98	6.9093	1.9645	5.3133	11.7438	6.6413	7.0961	10.3401	10.3906	13.1489	2.9879	1.7413	2.9577	1.8636	0.5032	0.3597	1.8964	1.0822	0.1084	1.8446	8.0695	4.544	2.0974	2.505	3.7156	3.9519	0.3033	0.2341	2.002	1.299	0.1198
13.2508	6.3241	5.7216	11.2127	4.0769	3.5969	1.6759	5.8525	8.3175	4.5651	0.8653	4.3963	7.6785	5.6946	9.2702	6.8767	8.7888	2.1919	4.1825	2.2015	2.5121	0.5539	0.8361	4.28	2.2427	0.8195	0.5373	1.2855	4.8751	3.8946	7.9736	4.3713	9.2579	3.8438	3.6202	9.296	3.7421	0.8197	1.1372	4.974	2.6465	2.1242	2.8074	1.8333	2.5492	4.6878	2.5691	5.7931	5.287	3.1097	4.7618	7.0597	7.1031	3.3944	1.5753	6.6639	12.8491	3.1055	4.8033	8.0117	5.1138	4.3692	9.2982	6.2512
8.421	3.811	5.8044	4.1051	7.5131	1.3348	1.9314	4.9951	4.785	7.0926	4.3577	7.3755	3.6846	4.6962	5.643	6.9075	2.6925	2.2989	6.3976	8.42	1.9916	1.226	0.9216	1.3299	2.6201	1.096	1.6117	1.9222	2.4832	3.1968	7.7258	4.9903	6.1386	4.2502	7.8606	3.8506	5.6073	0.6377	1.6813	5.3399	3.4422	2.4084	1.747	3.9439	4.5892	3.6494	7.3892	5.2211	4.2182	5.1818	3.4567	4.5922	4.6934	2.2691	2.8195	6.7584	9.3805	2.526	4.578	8.1558	6.7341	4.9907	5.369	11.4453
2.9518	2.5622	4.7036	2.7608	2.0552	1.0311	1.2001	1.3619	2.1183	5.871	2.6732	1.5439	0.9755	1.3562	2.9673	2.9183	3.8361	1.3172	2.1046	0.6211	2.6412	6.3655	1.7532	5.2634	0.5357	0.947	0.6809	3.3235	3.5741	2.7919	3.5724	3.8882	3.3219	0.7446	2.7049	2.1766	2.828	5.5847	1.9367	4.8571	2.684	2.5132	21.8864	3.5627	1.67	1.2272	4.7796	4.8585	3.281	1.0652	2.5256	1.3823	0.8808	3.0901	0.5621	2.5218	3.8317	5.8444	5.3132	4.0442	3.3602	1.4062	7.1899	2.7789
3.7751	3.6458	3.4757	2.9501	4.5391	9.1176	3.738	5.6433	5.0208	3.5256	6.1695	3.6838	5.7671	2.4859	4.107	4.7312	1.88	10.1022	4.559	4.8486	5.38	5.7668	5.3403	6.3511	3.4302	3.6375	5.426	2.24	4.1588	4.963	5.4422	3.196	3.5998	2.1975	6.1623	5.4152	6.0036	5.1244	4.413	2.7387	3.9731	7.6092	6.4134	4.4809	4.1466	1.5672	6.2749	1.2689	4.553	6.724	4.2923	3.7997	4.6592	1.885	1.2767	2.6746	4.9619	4.9396	5.1776	2.9295	5.2551	1.5636	2.3939	6.4684
0.003	0.0805	0.0393	0.009	0.3035	6.5667	1.3991	0.7193	0.0733	2.9316	3.1909	0.3861	0.0521	0.2826	0.0881	0.0722	0.1053	6.1685	2.9726	0.3511	5.4776	31.7151	12.8728	12.1889	1.5172	12.0993	15.943	3.4782	0.6454	16.4374	6.1683	1.8854	0.011	2.0041	4.0381	0.1204	2.9443	10.5276	15.9446	4.1966	3.5258	12.9865	13.4485	2.9706	0.0688	2.8577	3.0887	3.6845	0.0126	0.7354	0.1149	0.0145	0.8873	12.1569	2.5796	6.5432	1.3272	5.468	3.434	2.8381	0.1174	1.8925	3.6639	0.8094
3.0068	1.8413	4.4352	2.9413	1.9209	3.9975	1.1613	1.2389	4.7788	1.636	6.241	6.6201	2.1353	3.9746	1.3529	2.7566	3.4065	1.9885	5.9571	2.2689	4.1451	7.2204	2.7345	7.1153	0.9415	1.267	4.2404	2.8043	2.7286	12.3615	6.3883	4.3739	2.6585	2.3013	6.0818	2.5586	2.6167	1.8708	1.4243	3.3404	3.153	4.6558	8.2806	7.6251	2.4815	8.9521	6.2146	6.1034	2.3316	2.3385	2.8023	2.1679	4.9781	8.1831	3.9316	14.3568	2.8583	1.6582	4.9542	6.5591	2.6195	7.8643	2.0696	6.9962
2.5787	6.2329	4.0681	2.417	3.4985	3.761	1.8258	7.5161	1.6275	5.0057	4.321	3.7915	2.446	2.5711	3.466	1.2083	5.9904	4.4113	3.2366	3.9783	6.6429	3.9641	2.4995	5.6983	1.7277	2.0443	1.8744	1.07	3.6655	6.8541	6.3642	4.5284	5.9072	2.9902	5.2198	2.0514	4.9362	4.0144	0.9371	3.1446	6.5982	3.2846	6.8197	7.0558	1.189	2.255	7.9172	3.966	2.806	2.9808	2.2022	1.2563	3.1791	5.2016	0.8575	4.6049	6.0682	2.6645	10.651	3.3901	2.4506	2.3591	4.8212	0.9633
11.094	8.1734	7.1052	3.5881	11.5844	2.5676	2.1124	4.098	6.0566	4.6268	6.3529	5.0851	4.1026	3.2987	5.8491	2.7979	6.9864	3.0654	7.2237	7.147	3.4558	2.866	0.9937	2.5451	1.9546	1.2001	2.6285	1.2316	4.7168	1.6212	4.3651	4.0163	6.2769	6.1525	4.7346	2.962	5.8388	1.3018	1.5865	5.7434	6.9588	2.6634	3.6641	1.2853	2.9583	4.2954	4.1858	2.9731	4.9171	1.6308	4.2533	2.3899	3.3747	3.1182	2.6008	2.3181	5.234	6.0104	1.9939	6.8198	1.5497	2.3864	5.8518	4.4283
5.8469	3.3496	7.4788	2.6684	1.6353	5.6029	3.2111	1.6087	9.5943	4.7587	11.0626	1.7919	0.51	3.778	2.0533	2.1346	3.2316	2.9185	5.116	3.7211	5.6282	9.1842	4.891	5.278	2.6504	3.3146	3.7438	1.2766	3.2944	4.7542	5.5716	5.1649	9.3901	2.718	12.7392	1.1564	2.9947	4.0482	1.5608	5.9747	10.5461	3.713	6.3892	3.4592	1.5839	3.6548	1.3116	2.3081	1.1019	2.9354	1.8708	0.6321	4.8381	6.1366	1.4988	6.0437	3.5107	2.6514	2.832	1.7599	1.3345	6.193	2.1448	11.1124
1.7615	3.1591	3.901	2.1108	0.5069	3.4102	1.4423	4.5616	3.944	4.1406	6.519	0.8149	1.2851	2.0025	1.0159	2.0456	2.2376	2.6522	2.6755	0.936	1.6485	11.1208	13.3746	12.2613	5.4287	7.0511	8.8424	5.7988	3.0729	8.7861	8.4926	7.5977	5.1845	3.6325	5.7004	2.9149	5.1725	9.1076	7.2868	5.6345	6.5158	8.421	3.659	2.048	1.122	6.8861	4.0262	2.8588	1.7505	0.4992	3.157	0.401	1.1735	13.1374	5.6714	4.9266	1.5475	7.5571	3.3434	5.9967	0.3286	7.1394	5.0701	1.8405
1.6785	1.459	4.3969	0.0911	0.8903	3.9116	2.0429	0.6056	3.947	3.1266	8.2504	1.4656	0.1304	0.4781	0.2654	0.009	3.4235	4.5798	3.9207	0.4038	5.6432	14.4494	3.0655	6.2401	1.5322	2.9726	3.4352	1.6439	0.8517	6.5309	1.4682	1.5709	2.1197	0.809	8.9514	0.3456	2.5102	4.5535	2.7719	2.6313	6.6969	3.5045	9.2192	0.6609	0.4362	2.8527	0.6075	0.0526	0.4847	0.6072	0.4239	0.0426	3.3056	5.6223	1.801	0.6895	0.3371	1.375	0.5771	0.066	0.1378	1.4965	0.0182	0.0803
5.6093	2.4861	3.8343	4.3847	2.8504	2.471	0.6375	2.3665	2.1763	2.8526	5.6625	3.7062	2.8193	3.8913	2.9245	5.2739	4.1532	2.7543	5.6986	5.1871	5.7749	4.5983	0.9681	4.6175	0.7563	1.2308	1.4955	0.9729	2.5204	2.0551	3.6729	3.6198	3.7456	1.051	3.1554	4.2882	3.7616	4.2947	1.1673	3.2968	5.8876	5.7208	5.9655	2.7876	1.5763	1.4923	4.5728	2.5628	3.1196	2.2272	1.6958	2.698	5.7144	4.573	1.6666	1.9052	3.0859	2.6395	7.0313	2.3783	2.8725	6.4762	2.2346	6.0855
2.1602	1.7303	6.0643	0.5258	2.5725	2.9121	3.5837	3.9247	4.1039	13.0017	7.5021	2.2193	0.5089	2.1555	2.1452	0.3568	6.4083	5.862	10.7563	1.1774	8.5587	6.8685	5.6554	5.464	2.4848	5.212	7.2293	2.4651	0.5657	4.0496	6.7846	4.2844	1.5136	3.9009	6.9911	2.0941	11.4817	11.5988	7.5457	4.7629	6.4338	12.1933	7.3753	2.0454	2.7647	2.024	6.1312	0.8633	0.3559	0.8662	1.5232	1.3554	1.4647	5.1785	2.0891	1.5439	1.3919	5.0405	6.4004	5.0836	0.261	2.1864	3.0591	2.2891
3.0687	2.1574	4.6029	3.4318	2.8694	1.9572	0.4633	2.9613	3.1527	1.9931	1.6522	2.6791	5.3938	1.5202	6.4163	3.7024	1.2126	1.6964	1.7573	3.41	1.9332	1.2196	0.2633	2.106	0.4925	0.5655	0.4171	0.247	3.7508	0.9217	2.3516	4.7558	4.8239	2.2013	1.2297	2.0544	1.3333	1.6442	0.4054	3.7809	3.1118	1.513	1.2569	0.544	4.2796	0.2749	1.0664	1.2795	4.1587	2.397	2.3158	8.1874	2.0002	0.789	0.5947	2.4038	3.4113	3.3432	3.0546	2.9276	3.7215	3.3282	2.751	4.6943
0.9814	0.6041	3.3568	2.7768	1.8999	0.8291	0.3286	2.2452	2.8189	1.8692	3.3352	2.8014	4.4749	3.4429	4.5872	2.0394	1.143	3.0065	3.2593	3.4959	3.3568	0.7477	0.5525	2.1782	0.5142	0.8692	0.3279	0.3501	2.5938	2.8404	0.867	3.7735	3.0187	0.4414	1.4683	2.5028	1.8139	1.6828	0.151	1.8001	2.6104	1.2083	1.1641	2.8636	1.6528	0.3584	4.8951	3.6883	2.5332	1.1013	2.4288	5.7543	3.0395	1.9128	0.3908	3.8089	1.4199	1.2397	4.4425	4.9063	3.0958	2.507	3.1657	6.1305
1.624	3.1609	2.9116	1.0919	4.7947	1.3876	0.8466	1.8637	1.5302	2.3797	0.7942	4.3575	0.7359	2.2779	2.2892	3.7736	4.5247	3.2092	3.6797	3.5478	5.7186	4.7999	2.766	1.8885	0.676	1.8294	2.1645	3.1194	1.8668	2.1857	4.6951	2.0517	1.7942	1.7653	0.995	2.4401	1.7918	5.3474	1.8519	2.7747	2.062	3.2554	2.401	4.6646	2.0933	7.0605	6.0023	6.7669	0.9159	0.8207	1.4704	2.2076	4.0439	3.604	2.0835	4.4123	2.7353	3.7261	5.0745	9.2434	1.4086	3.0784	7.5735	8.6732
0.7294	1.7641	1.4237	2.1566	1.806	0.5797	1.4352	3.2455	0.4087	0.7605	3.3934	3.8673	2.1956	1.9932	2.2633	1.6144	1.5007	0.6166	0.3318	0.8915	0.3578	4.0744	3.7456	4.1139	0.8324	3.9302	3.0023	1.5289	3.0426	4.1383	6.2299	4.4214	1.6537	0.4041	2.7603	1.2058	0.2231	5.2158	2.4793	4.1869	1.6515	4.7315	6.1918	8.3152	5.65	2.3693	5.7591	5.5805	2.1986	2.8437	3.4712	3.7532	0.9589	2.8895	1.5875	6.0424	3.1385	4.2857	8.3974	5.5057	1.3859	3.121	7.1611	6.8989
1.5574	3.4161	1.3922	1.3688	2.0935	2.1218	0.2909	3.3212	2.1626	0.6339	5.7634	4.1942	3.5941	1.0588	2.1082	1.1781	2.0428	1.0733	4.0683	0.965	1.3428	5.2486	2.1839	5.7061	2.3712	0.521	1.1058	0.7072	3.0636	3.2567	2.8543	1.7862	1.9971	0.3045	3.4134	3.3513	2.5262	3.2202	0.8939	1.0028	1.7978	1.7496	5.0448	7.4474	3.5677	1.3952	7.6408	5.8006	2.1189	3.0429	3.4426	2.209	2.2541	4.2437	1.3247	1.3497	3.6474	3.4418	3.3024	5.8736	0.9636	3.6838	4.0176	2.4506
5.7552	2.7471	4.473	2.7184	2.4588	2.1928	1.3827	2.3619	5.4862	5.097	2.1787	3.6627	4.1569	2.1351	3.1596	0.7095	2.0228	1.6924	2.4564	1.5877	2.2615	1.6618	3.7461	1.887	2.3535	0.7669	0.4864	3.5844	3.3959	5.1953	2.2185	3.8985	4.0597	2.3806	4.7019	2.4868	1.5104	4.6741	1.3321	3.5707	1.8238	2.7121	0.8391	2.1298	4.0248	2.487	2.0068	3.8254	3.955	1.6205	4.4888	3.4914	3.1175	1.2599	0.6849	7.1611	3.3807	2.0309	1.8801	2.9268	2.4531	3.0007	2.8497	4.9849
4.1161	3.244	2.048	7.3838	4.2024	4.0185	1.2527	3.015	2.7249	0.3685	3.1712	2.6943	6.0258	4.1087	3.8912	7.2975	2.6435	2.6357	0.6428	2.6589	1.0728	2.0026	2.9384	3.7132	2.1727	1.7281	0.5225	2.8773	2.6449	3.6987	5.509	3.3637	5.3135	2.9874	1.2892	4.8557	1.1951	0.6985	0.4125	2.0978	4.1236	0.4975	2.7358	2.4518	7.2909	4.5737	3.9813	3.9338	4.7479	3.1612	4.9156	6.2744	3.7678	3.2995	2.6613	6.3439	4.2175	1.463	3.2906	11.6146	3.4899	4.0532	7.1314	7.165
1.233	2.1897	0.8719	3.8976	3.5209	4.2354	1.2276	1.2145	3.2142	0.5106	1.8116	1.9556	6.3342	1.5505	1.5529	5.0585	1.5064	2.6264	2.089	2.7661	2.5286	2.3978	1.6251	1.9545	3.1005	0.2254	0.5035	1.1226	1.9372	0.3837	2.1021	0.8436	4.3627	1.3635	0.5675	4.006	0.7057	0.6157	0.2915	0.2279	2.7148	0.4056	2.6451	1.8507	3.1736	2.0966	2.949	1.1274	1.5358	3.7701	3.9657	3.9425	2.2337	1.2004	1.7962	1.8393	1.6328	0.6987	2.7383	4.5983	1.57	2.7919	3.0573	2.2283
1.7034	2.0215	3.9606	1.0868	0.856	3.1304	1.3275	2.9961	2.248	5.7609	1.1239	6.1213	0.8322	1.1224	2.4691	1.651	2.013	1.09	5.7456	1.4671	3.4606	6.4381	3.5024	6.2738	1.4316	3.6845	1.5461	1.8078	2.6903	3.5242	9.6436	3.6902	3.0647	2.3529	2.6641	1.1631	3.8873	6.5786	2.1887	6.2077	1.1778	4.4179	0.7572	0.9781	2.2658	2.6398	2.9253	4.5264	1.9811	1.1439	2.6682	2.1376	2.0815	3.6351	1.5443	3.8815	4.3575	6.6189	4.1368	3.4152	2.1232	4.0656	3.6873	2.719
2.4692	0.8061	1.5863	6.6794	1.1539	2.8428	0.8515	2.366	5.1403	1.5761	2.2946	2.6354	3.9881	3.3235	4.5048	6.5278	2.2473	1.743	2.0235	2.348	1.8069	2.6092	0.4275	2.4683	1.1445	0.2437	1.3441	0.9876	2.8474	0.5486	3.3666	3.718	3.3123	1.7762	3.1484	5.6408	1.7815	0.3622	0.3175	0.5967	3.4316	0.3552	2.9791	3.3366	1.9706	2.0107	2.3569	4.3684	3.512	0.9288	4.9792	3.6399	3.473	0.4339	2.0254	4.5964	6.1357	0.8819	4.5956	3.7753	4.3237	4.6453	5.6191	9.5441
1.3092	0.7859	1.1094	2.077	3.019	2.6757	1.3403	1.5483	2.0066	1.8885	3.7258	2.5347	0.9834	3.1508	3.4813	4.2461	0.7737	2.9723	3.0204	2.5292	1.8353	0.6132	1.8189	2.376	1.8508	0.7503	1.9306	2.1912	2.3436	3.1632	4.4484	3.6592	1.5929	1.8595	2.1726	3.3703	1.7355	0.7353	0.806	2.0774	2.3754	1.4509	4.6821	3.5236	2.4987	3.2381	3.117	6.2818	1.6086	2.4749	4.0909	2.2678	2.6147	2.4523	2.7445	7.1926	4.8327	1.2627	3.1325	6.9089	4.5447	4.8088	5.2786	9.5839
1.3732	0.6673	1.7741	2.4269	1.988	1.3026	0.7007	1.5294	1.6729	2.4608	2.0989	2.7473	1.1034	3.7886	2.6807	5.1466	0.6192	2.6307	1.9837	4.8295	2.5056	0.2996	0.2916	1.21	0.6236	0.319	0.7635	1.0836	2.2517	0.8834	4.0115	5.5525	2.6997	0.8153	2.0415	2.3102	1.6124	0.4015	0.4749	3.0355	2.4657	1.6013	0.9847	3.5579	2.3272	1.1418	3.3042	5.3574	1.6577	1.3968	4.8441	3.1581	3.8797	2.0971	1.0768	5.0349	3.5669	1.126	5.4452	4.7782	5.5709	5.8689	5.0268	12.5566
1.2799	6.2711	2.9925	2.0604	3.5953	2.1992	2.078	5.5672	5.3398	4.9102	4.0288	1.2755	2.9157	2.6981	4.3542	2.5843	3.6248	1.9161	3.3528	4.8592	3.1283	0.8741	1.1395	4.8461	2.2483	1.5645	2.1385	1.3953	3.0546	4.3351	10.2551	3.7087	5.4899	3.6312	7.2641	2.7357	5.4235	3.146	1.6358	7.0188	5.5629	3.2677	2.1309	0.7337	2.1991	1.9744	1.8255	1.8777	2.2751	1.9359	2.2509	3.1445	1.7392	3.6772	2.5914	5.0229	6.04	7.4577	3.4603	4.6081	1.4022	3.3354	3.752	2.6849
0.2115	0.6826	0.5648	2.5611	1.4667	1.4	1.8964	0.8324	0.4145	0.6847	0.6036	3.2969	1.8429	2.4502	3.6927	3.8928	2.6861	2.9053	2.3276	5.7653	1.7027	0.3497	0.8071	1.3908	0.5328	0.6865	1.8028	1.1812	0.6751	0.9602	4.7591	1.4434	0.7026	0.5454	0.7049	1.9557	7.2983	0.483	0.5912	1.5916	0.8763	1.9522	0.5878	2.046	2.0049	1.9734	5.8017	4.8213	0.4711	1.7552	1.8901	1.6367	3.3744	2.1802	1.3119	2.4734	2.0863	6.6419	3.4962	7.7398	1.2887	4.0807	5.0941	3.0015
6.0021	3.6391	2.8803	3.1394	5.0847	3.7315	0.9682	4.0221	2.9245	3.5132	2.8501	6.858	3.4099	2.2821	1.2248	2.1512	3.2983	4.9804	4.5057	1.5441	4.5495	0.9507	0.6249	0.4032	0.8346	0.5003	0.6144	0.933	5.3046	0.5892	1.6744	0.67	1.527	1.5921	1.1949	2.2015	2.1931	1.1513	0.8286	2.8893	0.9216	1.1986	0.4388	2.0159	5.4485	1.7482	2.2626	3.4129	5.312	3.9787	6.4246	2.2488	2.4327	0.692	0.4207	2.0879	1.9912	1.8476	0.6375	2.7495	3.6681	0.8046	1.9785	1.0423
4.4605	4.0777	2.3433	3.0	4.4235	1.5051	0.7725	3.9808	0.9336	2.4458	3.0992	2.9077	1.9467	3.3633	1.4631	2.9672	5.2007	4.8591	1.8599	2.4885	3.3686	1.1467	0.5093	1.0508	0.757	0.8027	2.6362	1.6105	2.4894	3.3916	3.8963	0.9568	1.0438	1.6856	1.0665	2.3186	3.4794	1.7101	2.4242	4.0968	1.1646	3.187	1.537	3.9513	4.4824	1.2038	6.645	3.2988	3.464	1.709	4.4065	1.9339	3.5532	2.0268	2.0128	1.4266	3.5646	5.3674	2.1808	5.4743	2.5957	0.7301	4.103	2.3803
1.7414	1.328	5.4983	3.964	2.4493	0.613	0.9761	2.5733	3.7665	6.3897	2.534	7.2922	2.9045	2.8098	2.2154	5.3171	3.3567	1.8308	4.9044	2.767	2.0824	1.3474	0.7129	1.9568	1.009	1.0612	0.9613	1.5734	3.5031	0.8693	6.1965	3.5457	3.9508	1.1103	4.0493	2.6794	5.6347	1.786	1.3851	5.6142	2.6284	1.8961	1.1832	3.5962	5.231	2.1351	6.9065	5.4914	3.5115	2.2708	5.4317	4.2114	2.1396	0.8315	1.0608	3.9783	4.3862	4.9997	4.5628	8.5526	3.7819	2.2189	7.6423	4.4414
0.5767	1.8239	0.5491	0.5904	5.3759	2.0739	1.0671	1.9943	0.955	4.2099	1.3846	3.4537	0.9232	0.9574	5.0403	3.171	1.3703	5.6154	2.8144	2.1107	2.7042	1.2883	0.5052	2.2949	1.6947	1.4577	1.7792	1.3723	3.0439	3.3706	4.7236	2.822	0.6779	2.4597	3.7268	2.7059	4.6223	1.8236	3.491	5.5322	1.7521	4.4885	2.12	3.5576	3.8817	0.9488	8.6243	4.9264	1.6115	1.3073	2.9105	4.6847	1.234	2.026	0.7389	2.5247	5.1926	5.3663	6.3628	9.5591	2.6994	1.3099	7.3366	2.5589
0.9034	2.9282	3.3639	1.5905	2.5576	2.6529	1.0597	5.0602	3.8518	4.9301	5.1538	5.1868	1.1961	2.6638	4.022	2.5789	2.4849	4.1488	6.9752	3.5795	2.8752	3.6438	1.0919	3.0628	1.1311	2.0081	1.1921	1.4459	4.3899	4.5692	7.0159	2.99	3.8485	1.5246	2.6919	2.9365	7.7697	1.4317	2.2629	8.0224	2.5198	4.6938	3.892	4.1274	2.0607	2.6579	8.9234	4.0495	1.3195	3.0804	4.5639	2.3422	4.1367	3.0827	1.5045	2.9477	3.0261	9.3512	4.541	6.7264	3.6067	2.116	3.9096	2.3166
0.118	0.6577	0.4532	0.2276	1.903	2.8102	1.2253	3.2402	1.7736	5.7275	3.0293	2.0785	0.1896	0.7415	0.7607	0.6448	0.6351	4.1043	5.9688	0.9168	4.1931	3.4918	1.539	4.1424	0.7678	2.4319	2.943	2.3897	1.3137	3.591	6.039	3.5405	0.277	2.0873	1.7436	0.6016	4.115	4.9102	3.3107	4.4394	1.1587	5.8385	4.2307	4.3294	2.1903	2.2107	4.1785	4.4533	0.0894	1.8073	2.9407	0.3476	1.403	2.3199	2.6056	2.7912	0.6596	4.1571	5.5146	4.0812	1.4794	2.9825	3.9826	1.577
0.0918	0.2558	0.6062	1.3181	2.2329	0.2991	0.6761	1.602	0.248	0.4851	1.9108	2.6319	0.2733	0.8439	3.8304	3.7195	1.3805	2.4215	2.0113	1.1179	0.6021	1.6711	2.4168	2.2438	0.5057	2.083	2.2107	2.1242	1.7314	2.0556	4.9253	4.5904	0.2211	0.3604	1.6344	3.0184	2.3778	1.9023	1.1296	2.5214	1.8502	1.5856	2.0694	4.4829	2.7243	3.3874	4.5968	8.0677	0.5522	1.7291	1.1318	3.3328	1.5705	2.8696	2.696	4.967	2.6617	3.7798	5.3604	9.8528	1.7936	5.3296	9.66	8.0693
2.985	1.1057	2.7783	3.4269	2.3458	1.6194	1.0573	2.4747	1.3047	4.3569	1.9587	2.8402	2.1566	2.9786	4.3386	4.89	3.1546	3.0021	2.1524	6.1192	3.9644	1.0896	3.2211	2.3048	1.8306	2.738	2.3559	2.1416	1.8851	4.1593	7.0702	4.9085	3.1664	1.3731	2.3202	2.6428	5.0312	3.6335	3.0297	7.5801	2.9207	5.2101	3.4342	1.6625	2.8661	2.9746	6.2734	2.3549	0.8938	1.879	3.034	2.0263	2.2384	3.02	1.6624	5.6598	3.3633	8.6144	5.7439	7.9163	0.8404	2.8501	8.4122	8.5431
2.6585	1.0333	4.0993	5.5313	3.1564	1.9041	2.21	1.1287	2.2194	3.4752	4.1682	0.9691	2.9151	1.2437	4.6082	3.1828	3.6898	2.8879	2.4789	2.2404	2.8879	1.3779	2.5964	4.0475	1.2626	1.8827	3.3948	2.5899	1.2401	5.732	2.283	3.0598	2.8189	2.1197	1.1728	2.4207	2.4411	3.6207	3.4596	2.9126	2.1717	4.5796	3.568	2.3455	1.3529	2.2523	3.0884	2.1317	4.1777	2.0116	1.5859	1.7088	2.8189	3.7245	1.1926	4.2811	2.8913	2.1727	2.0436	3.1387	3.9768	2.7134	1.7145	2.3088
0.0813	1.5596	0.5491	0.2927	1.3594	2.9854	2.0312	1.6464	1.7265	2.1014	5.2718	1.6887	0.3297	0.3865	0.6767	0.4695	0.4489	1.5332	3.4002	0.3727	1.7714	2.4295	1.4303	5.3261	1.056	0.9357	2.2619	2.0085	1.4881	0.8414	6.268	3.1631	0.4416	3.6178	5.6156	0.7423	0.944	2.6948	1.5384	1.594	3.519	2.5923	5.1519	5.9513	1.0572	4.8921	3.5627	2.1107	1.5097	1.3934	1.349	0.497	1.664	2.8239	1.2313	2.0789	4.147	1.129	5.728	1.8591	1.8712	1.5325	2.4103	1.6532
6.1082	4.16	4.0544	5.1025	2.5982	3.6595	2.5869	1.751	2.7274	6.9882	1.5489	1.9848	1.2961	3.3358	5.8112	3.6169	4.8245	2.8209	3.3811	2.8154	4.8983	3.7266	2.1394	2.8413	1.2869	4.4657	0.9615	1.4241	1.6454	1.5131	6.7047	3.7815	5.0347	1.7706	1.8579	4.8705	3.8382	3.7419	2.6525	7.5656	4.5268	1.4226	1.0533	3.5261	3.497	2.4805	3.0842	2.9252	2.6014	1.627	2.324	1.2321	4.118	3.0486	1.1792	1.4706	4.7804	5.2438	6.9186	5.038	1.3735	2.5459	6.404	3.3049
0.6761	1.3324	3.2082	0.8533	0.852	0.5249	1.6958	4.3141	2.1386	2.361	3.8078	2.5288	1.9711	1.522	1.2581	1.3904	0.5636	1.8671	2.9507	1.1679	2.5851	0.757	0.5276	3.6224	0.874	0.7108	1.4557	0.6926	2.5589	2.5311	1.9184	7.2093	2.2645	2.9353	2.7094	1.7933	0.6089	1.2242	0.7991	1.9209	3.5854	0.5298	2.416	1.8211	2.0271	0.3411	3.6409	1.9329	2.6414	1.2473	2.8526	2.3737	2.4619	3.376	0.7178	2.9018	3.349	0.9519	2.6271	3.1359	2.7299	4.699	3.6922	6.1939
0.3557	0.638	0.8007	2.7507	0.3906	0.5429	1.9634	2.9877	0.8746	1.8302	1.06	1.8638	3.1475	3.1247	4.1403	2.4454	0.6077	0.7367	1.4381	3.2892	1.5118	0.3875	1.6245	2.218	0.8506	1.2896	2.3021	1.9108	2.6015	2.175	5.7173	2.4668	0.8544	1.7151	1.4446	4.5721	3.1926	3.7661	1.4758	1.8992	2.296	4.3962	1.9411	2.1628	2.2573	1.9349	3.4869	1.3886	2.7725	3.0919	2.2884	2.2797	0.9385	0.8056	1.0663	5.5852	4.6338	2.8157	5.5491	2.883	2.4842	1.2194	2.5967	1.225
0.3879	0.8952	0.8089	3.0384	1.9321	1.8302	2.3726	2.3765	2.7242	1.3005	0.9448	1.5706	1.8869	4.704	6.8533	1.8623	0.8853	2.4186	2.2368	4.1051	3.8394	1.2471	2.2558	1.9796	1.1767	1.4601	2.0044	2.5464	2.5919	1.9876	7.5674	2.5471	0.7718	1.9362	1.4078	5.8361	1.9374	1.8081	0.9321	2.6002	2.8996	1.6682	0.6267	3.3851	3.0311	5.4854	2.0614	2.99	3.0975	3.5559	2.3342	2.3214	1.9958	3.4134	1.7127	6.843	3.0924	4.3935	5.252	5.9571	3.7706	1.7915	1.9444	1.6137
0.1441	1.9604	0.5801	0.2324	4.0878	5.8642	2.3912	4.2365	0.8693	5.3641	3.0955	1.7349	0.0974	1.9737	1.0297	0.5127	0.9027	8.8244	8.0836	1.4405	7.1458	9.5129	7.4638	4.6987	3.6385	7.3189	7.0765	4.073	0.8015	5.7403	8.8348	1.1917	1.8489	6.1589	1.7033	1.6872	6.0836	7.0281	8.3684	5.2425	4.2035	7.7921	5.2759	1.8597	0.7657	4.4383	4.8341	1.9461	0.2336	0.6972	0.7083	0.243	2.0655	6.5272	2.5677	2.357	2.9518	6.4723	3.0799	4.2654	0.2195	1.3567	2.0754	0.4437
2.3377	3.3155	0.7172	1.7748	0.8462	2.7754	3.3092	1.203	1.4012	2.3127	2.4358	2.9409	0.2635	1.7228	1.0747	3.0403	4.9242	2.2949	1.9796	1.5685	5.6943	11.8588	13.3895	3.6657	5.9267	10.4459	8.069	4.8488	0.7285	7.3621	5.226	1.2451	0.5378	2.0499	6.2024	2.2888	2.5814	10.7541	6.5029	3.9963	1.7042	7.5563	7.1717	1.7969	0.4429	7.64	1.8283	2.2674	0.3562	0.4926	0.5798	0.4756	1.6917	7.2536	5.4193	5.3223	2.089	3.2483	3.6881	2.3963	0.4842	2.738	3.3308	0.8368
1.6173	2.8913	1.035	3.4425	2.3945	2.032	3.8657	3.4555	1.9888	2.2469	2.4735	2.4027	0.4332	2.5397	2.4442	5.1382	4.5718	2.9821	2.7475	3.0037	4.8173	1.3331	3.8298	1.0597	3.7801	3.682	4.4785	1.4801	0.7976	3.4411	6.0912	3.4196	2.113	2.4785	3.9341	3.1283	3.2807	4.2193	2.9357	4.8226	2.2605	5.5608	4.9094	3.0946	1.8103	4.0894	4.8332	2.6534	0.5669	1.8982	1.1493	0.6544	2.5778	3.4324	3.5405	4.1038	3.6356	3.8315	5.925	6.419	1.12	3.5405	6.5476	1.698
1.3854	2.0753	0.5149	0.0648	1.7121	3.3494	2.5033	0.7223	0.4106	3.0044	1.5075	0.5095	0.0618	0.0683	0.2032	0.2384	2.1222	2.7368	0.9706	0.1518	1.9354	7.1826	5.2991	3.0393	3.9373	5.894	4.2515	4.2218	0.5335	3.0264	2.5209	0.8959	0.4319	3.4266	3.8984	0.2889	1.8446	3.2043	4.6795	2.451	1.6098	3.5964	1.1223	1.1677	0.2581	1.2216	2.4613	4.4686	0.0953	0.2187	0.421	0.0658	0.3682	0.8339	5.2393	0.8042	2.1982	1.4167	1.3064	2.5737	0.0236	3.0194	2.5523	3.9399
8.0751	1.2522	6.353	3.9773	3.4078	0.4043	0.7253	1.6152	2.135	3.4628	4.9095	4.0007	4.7491	0.8175	3.9382	1.3533	4.4801	1.7837	3.0601	3.2767	2.4302	1.4875	0.4728	3.2273	0.6551	0.859	0.6739	0.5284	1.4693	1.7624	3.4751	1.8671	3.2745	0.7412	2.9909	2.3582	4.7681	3.1817	0.785	2.0859	4.5331	2.4278	1.3845	3.6392	3.7561	0.9411	5.4261	3.5149	4.5227	2.4495	2.8546	1.2669	2.1205	0.5767	0.4941	0.6876	3.6074	4.0714	5.2643	5.4406	1.1464	0.3856	5.3386	2.2181
3.305	0.9505	4.1419	4.9433	0.9735	1.7905	1.9816	2.1609	2.6587	3.9697	2.6557	4.393	3.2316	1.9131	3.5239	6.303	2.2733	1.6049	4.084	1.2568	1.8955	0.6143	0.8699	2.8158	1.5994	1.0365	1.8287	3.6507	2.3046	1.9893	5.1467	2.1701	3.9204	1.6878	1.631	2.9044	4.4328	1.7578	3.5921	3.8426	1.259	3.3824	1.2867	3.6728	5.3482	2.3361	4.471	3.7808	5.138	2.5061	3.4242	4.3703	2.4948	2.0	1.5752	2.7766	5.2687	5.4073	3.9393	4.086	4.6517	2.4301	5.3317	1.4015
8.4202	2.5626	0.9015	8.3457	4.0564	1.9665	1.6666	1.9997	1.5776	2.6979	2.3847	3.1164	8.8349	0.9653	3.3371	7.4495	2.5815	3.9463	3.1612	2.9787	3.0954	0.6592	0.4322	1.2443	1.0929	0.6629	0.5978	2.8489	2.6398	1.8301	2.3258	3.8307	3.2691	1.4372	1.0923	2.3104	2.8518	0.5977	2.1357	4.2838	2.7301	1.5485	1.7857	1.4411	4.0644	1.0566	5.2518	2.564	6.4129	1.6302	4.5772	6.8732	1.4071	2.0632	0.7987	2.5231	3.5205	4.8359	3.0149	5.7687	5.3013	2.7794	5.9914	4.2838
1.0785	1.0926	1.8746	2.8611	4.8574	0.5903	0.6793	2.218	2.1501	2.8816	0.6418	1.9566	2.7576	3.3828	3.1801	4.0521	2.4486	2.1856	3.2273	5.6128	0.8745	0.2226	0.2724	0.6504	1.6948	0.6641	0.2696	0.8601	3.2371	2.0006	2.9103	1.2688	1.8497	0.9214	0.7133	1.974	3.2466	0.6931	1.5172	2.7127	0.5923	0.511	0.1073	1.4313	2.2117	1.8959	0.6553	2.0302	1.4884	4.0772	3.0421	2.928	4.5824	0.5419	0.8893	2.6918	0.8818	4.101	1.5824	2.4573	3.5085	1.5181	2.3084	3.9421
2.1557	0.5068	2.5843	3.7825	1.8543	0.2828	0.7697	3.021	2.7387	2.5364	4.0487	6.333	3.1014	2.3006	5.5087	2.9944	2.1481	1.7378	5.3589	3.6008	0.3295	0.0918	0.3303	0.5495	0.9586	0.516	0.8757	0.9234	2.3742	0.9947	3.3117	2.9561	2.0953	1.8755	3.2068	3.2464	6.5413	0.6315	1.0647	3.8119	1.6985	2.5686	2.5916	2.7376	4.2703	3.2167	8.212	1.824	2.4265	3.1905	4.4371	3.2391	3.9142	0.4174	1.1123	2.352	4.9591	6.5721	2.0318	6.2175	3.4762	1.2851	2.9512	1.1869
3.0872	2.5609	3.8928	1.84	3.1254	1.6454	2.2334	7.1341	2.9647	6.9638	2.5495	6.8096	3.4127	2.8336	3.2683	2.6647	1.5724	3.3937	5.6388	3.9399	4.0294	0.6561	0.8379	1.5945	1.9071	1.231	0.7146	1.2429	4.9656	2.7336	5.2752	4.7267	2.2818	3.1513	3.1265	2.9204	5.9617	3.1398	1.161	5.3686	1.5992	1.3331	1.1298	2.9317	7.4447	1.6528	9.6298	2.4545	4.5515	5.254	8.0027	3.4972	2.0214	2.0154	1.4556	3.6771	4.8235	6.1402	1.9487	8.3175	5.4592	2.1885	2.5161	1.4194
1.5732	0.7251	6.8218	1.9985	0.8425	0.7068	0.4487	3.0176	5.1534	2.5844	2.6079	7.6687	4.012	3.3153	2.9279	1.5859	1.4153	0.8345	2.5764	4.135	0.9295	1.7509	0.5386	3.6481	0.6779	1.0263	0.6549	1.9058	6.5926	3.1467	4.0559	4.5149	3.5972	1.5787	1.9888	3.0196	5.3685	2.1366	1.6879	4.7121	1.3521	2.1313	0.5887	2.4533	3.136	2.951	6.4353	4.527	4.5871	2.0239	6.8099	3.0425	1.8231	2.2305	1.3229	6.6976	3.0437	8.0667	2.3708	5.0538	2.8391	3.8811	3.7535	6.943
5.7166	2.0541	3.9895	4.3319	2.2448	0.5575	0.6725	3.0634	3.8511	1.8644	1.2778	5.0098	2.6104	2.0081	5.3359	2.3031	5.097	1.9479	2.1359	2.2198	0.5227	1.6498	0.5452	3.3457	0.5477	0.6033	0.3079	0.7915	3.0556	1.8496	4.2422	1.6198	3.594	0.6923	1.463	2.6518	6.1286	3.4047	0.6636	1.6135	0.5467	2.3903	0.9122	1.9625	2.1275	1.1383	4.48	5.7411	1.6851	1.6137	4.2353	3.0261	2.1754	0.4383	0.4592	2.8817	3.13	6.8793	3.3519	5.8016	2.7632	1.3627	5.5245	4.4597
4.1903	2.465	0.6489	4.0087	1.0585	0.7227	1.3121	4.3281	0.6404	1.5325	1.7766	2.905	3.3691	3.8517	4.0851	3.594	3.4715	2.2319	3.0956	3.5817	2.5764	0.3404	0.6906	0.9379	0.7779	0.8916	1.0543	1.8824	2.1055	0.993	7.785	1.6532	1.2482	1.5526	0.7205	1.4209	5.1478	0.4242	0.8791	3.1471	0.5659	0.5729	1.537	6.8492	2.7356	2.0955	6.7886	6.1796	2.3948	0.8277	2.2177	5.6392	2.2467	2.6845	1.3726	3.608	2.9402	6.5528	6.2519	6.8239	2.8409	2.9225	5.5636	6.0305
0.5247	1.9644	1.0803	2.0959	3.5008	2.7925	1.4536	4.1943	2.0175	3.1201	1.2086	2.5057	2.1304	4.1395	5.2519	3.4769	1.8228	2.4818	4.2464	3.6639	1.6593	0.6088	0.7592	2.1369	2.4299	0.9899	2.0233	1.6614	1.3892	2.0293	6.1518	4.3093	2.1403	4.4748	1.485	5.3681	3.3646	0.6831	1.4787	3.9646	2.2473	3.0445	1.9132	2.774	3.7343	4.4745	2.7121	4.1051	1.144	3.0838	2.046	4.2057	3.6125	0.9135	3.402	3.5401	6.7265	2.2967	4.9009	8.1238	3.0399	1.977	6.7751	4.4386
1.9268	2.1297	0.3294	2.2612	3.3874	2.2131	1.7488	1.7742	0.8614	1.0245	2.0145	1.6816	1.1864	2.9229	3.3858	4.051	3.58	3.5485	3.0796	2.5214	4.0161	1.5746	1.0978	1.6243	1.0515	1.1098	4.3316	1.0968	0.4869	0.798	4.3494	0.403	0.5118	2.9767	1.5192	5.948	1.2095	2.9204	1.7078	1.7118	5.5926	2.1655	8.9752	4.55	0.7708	2.8216	2.0751	2.9698	0.6864	1.0753	0.5631	0.8418	4.008	3.5976	1.1599	0.9322	3.1814	3.2652	5.275	1.2355	0.8118	3.4017	3.2027	2.5009
4.745	4.1611	1.2931	3.5544	4.4511	2.4264	1.512	2.4341	0.3075	2.6666	0.9156	2.3755	2.7602	2.7257	2.3937	2.001	5.721	3.8467	0.6394	3.7789	4.515	0.7142	0.1017	0.9313	0.2153	1.224	0.3477	0.422	2.2674	0.5387	1.5522	0.7714	0.7414	1.3132	1.6353	0.8221	1.1828	1.3306	0.3028	2.496	1.8245	0.4077	1.2933	2.8263	0.9994	1.8026	6.7885	2.9749	2.7928	1.5278	1.5016	1.9386	3.8808	1.8102	0.1085	0.3615	2.0966	1.011	3.4587	6.8914	1.8833	1.2285	2.572	2.4112
2.0569	2.3839	0.8351	3.771	3.9986	2.2763	2.5302	5.0121	0.7332	1.9855	0.6416	1.5589	2.9361	1.3628	2.1712	4.0243	2.0967	3.0337	1.2363	2.362	0.8922	0.462	1.956	1.2399	1.1458	3.9227	2.2027	3.4558	1.5689	2.0281	2.2284	3.6431	1.3077	3.2607	1.5994	1.1114	2.0995	0.9919	4.169	2.0237	1.0769	1.0596	0.701	2.8957	4.529	2.0044	2.7511	0.5813	3.4005	4.8459	1.1514	3.2275	2.9564	0.8674	2.2175	1.2549	4.1795	2.4486	2.3655	2.3032	3.4497	2.0067	2.798	4.0774
4.0656	0.4879	3.6137	3.9344	2.2031	1.6407	3.0225	1.4024	1.1902	1.6615	1.1246	4.7968	3.1857	0.8477	2.2526	3.5644	2.6117	2.675	2.2189	0.5792	1.9214	0.377	0.9098	0.2666	1.816	1.6997	1.7462	2.0683	0.6899	1.3396	0.2252	0.183	1.893	0.7612	1.9144	0.9094	0.9315	0.5701	2.5011	0.3062	0.6941	0.5625	0.3848	1.9441	4.4308	1.9214	2.801	1.8839	3.4363	4.2278	1.4879	2.8808	3.022	0.871	0.8888	0.448	1.7991	0.3849	0.6634	2.5726	3.2604	0.9573	1.9394	1.8835
0.6799	1.4953	3.9449	0.5113	1.4916	1.5005	1.4185	2.6911	3.9675	2.1996	5.869	5.4765	0.916	0.6201	2.2747	0.3447	0.6784	2.6906	4.2375	1.1141	1.0266	1.7503	2.6904	2.6132	1.8499	0.8021	1.9906	1.6804	2.0938	3.5637	2.8921	2.4239	3.2669	1.2866	6.2971	1.9884	2.9567	2.2599	1.4862	1.4983	3.469	3.6924	9.4803	3.4196	3.3439	3.518	4.2923	1.0824	1.9507	1.8222	2.6097	0.542	2.0228	2.8188	0.6194	4.5998	3.391	1.5043	2.2253	1.47	0.6795	2.6076	0.354	1.8123
1.7248	2.0595	2.6119	2.1352	2.452	1.1059	2.8656	5.2943	1.561	5.5081	2.3289	3.1895	2.6056	2.2844	1.61	3.8475	3.2359	2.6848	4.8167	2.3983	0.9732	0.79	2.4328	2.288	3.3338	3.0729	2.5477	1.2041	3.8703	2.7388	5.104	4.1908	1.1046	2.1676	3.4041	1.5743	6.7623	1.0964	3.5135	4.7468	0.9164	2.0527	0.7571	0.6467	3.2159	2.1314	1.8441	1.3662	2.5179	4.849	2.5959	4.2373	3.0242	1.9355	1.462	2.7045	2.605	5.5323	0.4628	3.4398	4.3807	1.8285	3.2713	4.1924
0.4015	3.7367	0.9458	0.4653	2.7797	2.9232	2.2906	1.9651	0.8268	1.9949	1.9813	2.3126	0.5275	0.6768	2.0701	1.7233	1.3012	1.147	2.9836	1.9027	1.3998	1.7038	2.8679	0.6979	1.8929	2.1508	2.7111	2.5176	1.4251	0.887	2.4854	2.043	2.2544	1.9993	2.3789	1.8003	2.1412	3.4495	1.2937	2.2355	4.0295	3.7189	3.4819	3.1405	2.3324	3.3333	3.3297	2.4633	1.5244	2.9835	0.7932	0.828	0.8374	0.859	2.8942	1.9243	1.1251	1.3216	4.2384	3.5085	1.8446	1.9577	2.4158	2.3494
0.3002	1.6681	0.5132	0.4126	1.6889	3.9801	3.9763	3.2918	1.5536	3.1812	0.781	3.6062	0.4646	1.14	0.6741	0.4358	0.6482	5.3701	5.4726	1.047	3.6807	6.8249	8.1992	5.4154	2.2304	10.2335	5.7086	1.5423	2.5438	4.5842	5.0652	4.3089	0.3335	3.5408	1.0423	0.5122	3.8412	12.6286	5.9517	4.7076	0.7868	9.8303	3.3288	0.6004	1.9129	3.2378	0.7135	0.8099	1.6126	2.3293	2.0058	0.7485	3.2126	2.8493	1.6012	3.1662	0.5085	4.0269	2.5372	0.9425	1.7749	2.0775	1.7023	0.4594
1.2728	1.1132	1.9341	2.8796	0.3879	0.2663	5.3918	0.9557	2.096	0.5787	2.1107	2.3576	4.3013	1.4042	1.4735	4.241	0.2638	0.1456	0.5472	0.3467	0.0795	0.0183	0.4139	0.1579	2.0513	1.2705	4.691	3.7841	1.0269	0.4781	1.5365	3.7978	2.2748	1.8127	2.3876	4.1858	0.3963	0.0462	1.9534	1.5661	3.8521	0.4415	3.8779	5.3694	4.5606	1.941	4.2032	4.6166	3.4182	3.952	3.0242	4.0351	0.5387	0.1352	3.9709	2.4362	2.8738	1.7014	4.5935	3.7814	4.5953	2.9282	5.5305	3.0905
0.1209	1.4179	0.3923	0.1232	1.2093	0.582	2.9286	0.5901	1.4549	1.4282	2.2997	3.8185	0.5076	0.7252	0.7545	1.3971	0.1751	1.4006	3.1359	0.6986	1.3981	1.622	1.6901	2.191	0.8863	2.5163	4.2151	2.7344	1.5389	2.7059	4.0217	1.0215	0.7369	2.2866	4.5163	0.7672	1.5077	2.8624	3.4818	3.6496	4.4421	5.3855	2.9335	1.9157	3.1534	2.6597	7.094	2.5764	1.4692	1.8851	1.0186	1.7347	1.291	1.8352	2.2626	2.8558	1.7182	2.3004	5.0105	5.2473	1.0823	2.2439	2.153	1.0159
0.5328	1.8925	1.0627	0.1509	3.4605	4.1272	3.4889	0.7581	2.1278	0.7082	4.6185	2.7023	0.4881	0.4355	2.7216	0.7354	0.6689	2.8893	5.3637	1.9292	4.3035	1.79	1.7431	2.9227	1.089	0.9811	2.5953	2.4245	2.7549	1.1277	3.3319	1.2493	1.8182	2.3656	1.4421	0.4048	0.959	1.4886	0.9053	1.6435	2.209	0.5894	1.8883	5.6819	3.9226	2.5426	2.2834	5.3377	0.787	4.8572	3.2153	1.8734	2.247	1.6438	0.9529	2.4021	0.7939	2.6478	2.8042	3.2191	3.5252	2.9521	0.8815	3.6025
4.3422	2.5073	3.8947	0.9707	2.9677	2.0108	0.8079	4.9728	2.8799	2.8636	2.4746	3.3472	2.7211	0.3561	3.1649	0.9085	1.7226	2.9998	1.8977	2.1839	2.2261	1.2474	0.364	2.1412	0.4197	0.2111	0.6904	0.2034	4.7192	0.5472	1.8595	2.0842	1.8056	0.6638	2.6009	1.7657	2.3026	0.4625	0.2033	0.5428	2.5816	0.1998	2.6815	3.0378	2.7423	0.7716	3.2527	2.7423	3.5236	2.747	3.5725	2.487	0.7102	1.5471	0.1375	1.3653	1.2581	0.2366	3.0798	3.2273	2.2311	2.0894	1.202	3.7794
3.9177	3.2704	3.3376	1.151	5.0136	4.2293	0.8154	6.9209	1.749	2.6277	2.4882	6.3345	2.7904	2.4575	2.798	1.3099	1.9724	8.4982	3.7865	4.093	6.8445	5.1206	2.5276	3.5008	1.8551	1.5432	1.0645	2.9875	4.1686	6.2893	6.7282	5.034	3.3109	2.9862	1.1097	0.9477	3.3631	3.2165	2.1087	4.5939	2.2768	1.8735	2.0331	3.9778	3.4514	6.5864	7.2508	3.6941	2.4745	3.5483	4.965	3.1657	3.6631	6.1677	1.5055	7.0049	2.5376	6.0025	3.8032	7.1695	3.9153	3.4834	2.6113	5.0693
0.367	0.4934	1.4799	0.3718	0.5269	0.3898	0.6099	1.8858	2.0604	3.071	3.1899	4.2557	0.6887	1.7097	2.3861	0.7343	0.1611	1.3843	4.0736	1.9133	0.4185	0.1756	0.7289	1.7127	0.8768	0.6398	1.3561	1.245	1.0206	2.8465	6.778	1.0235	1.7379	1.0134	5.0666	2.455	3.9287	0.7461	1.2888	3.4083	2.5095	1.5772	2.807	3.6921	2.1268	3.4526	4.5048	1.9403	0.4723	0.5696	2.5558	0.782	2.6825	0.4592	1.3792	4.0389	4.7504	4.1478	4.4521	2.806	0.574	0.6879	2.4406	0.496
1.6009	0.8558	1.6491	3.262	0.2564	0.7806	1.702	2.1796	1.9732	0.5744	2.2241	2.3475	1.6161	2.8417	3.3111	2.6254	0.8273	1.4577	3.3088	1.0459	2.8745	2.3996	1.5695	3.0844	1.4814	0.6981	2.0116	1.5912	2.091	1.8031	3.9899	3.3907	3.2514	1.1127	1.9921	5.0999	0.703	0.5803	0.5052	1.7425	5.2522	0.7867	2.83	2.4093	0.8505	3.0204	1.1809	3.6758	1.6922	1.3617	1.3913	0.9829	2.465	5.5314	1.8097	3.0149	3.0794	1.4379	4.5195	2.3793	1.0566	4.7443	3.6055	3.5728
1.8534	2.0287	0.7481	4.9299	1.1441	1.4411	0.9406	2.5634	2.8069	2.7386	0.5556	2.4725	2.6122	3.222	3.4406	3.9843	1.6112	0.7025	3.851	2.3334	1.2964	0.1197	0.5706	1.6583	1.1778	0.4795	0.5787	1.0939	1.2283	1.6787	4.3598	1.9856	4.2776	2.0267	1.4524	1.8304	0.5106	0.4168	0.4924	2.7471	0.9652	0.1581	1.0825	1.8884	1.7138	2.0021	1.5109	3.4678	1.7586	1.0842	1.3236	4.1073	5.6098	1.7168	1.3543	3.4682	4.5447	0.6805	1.8074	3.3198	2.7767	5.4267	1.0634	1.5998
0.9443	3.4425	1.092	2.4981	1.5438	3.5586	2.5577	6.2909	5.6339	3.9928	3.3698	2.337	2.9253	2.8446	1.7873	2.4604	1.056	2.6698	3.9483	3.3284	4.129	3.6352	3.3612	4.2604	1.6984	3.4776	3.3248	2.0568	5.2329	4.7192	10.436	2.9237	4.6214	5.5217	5.3948	2.26	2.8427	5.9634	2.7939	8.2693	2.9849	6.6434	2.4009	2.8737	1.4147	2.1865	5.2158	2.5312	1.3059	2.5846	4.649	2.1617	2.7183	2.684	1.6722	4.6323	5.9072	5.45	5.5623	3.8987	1.1612	3.4654	3.2083	1.7719
2.7796	2.5446	3.9056	2.2598	4.5699	1.3826	1.1786	5.8158	6.8843	2.9375	2.4372	7.4098	2.4453	1.6284	2.8255	2.2564	2.3311	3.2338	4.4641	1.78	1.89	0.7572	1.8355	1.3374	2.3378	0.8524	0.8635	1.6007	3.4918	4.0734	5.1972	4.2702	4.0846	4.6676	5.5557	2.9088	2.5377	1.8051	1.1026	3.2416	1.0462	2.1987	0.9656	3.6519	2.3826	5.5117	4.2506	4.6939	2.1792	1.9933	4.2888	2.0529	2.5798	1.7043	1.4496	6.5386	6.8345	2.8157	3.9236	4.7296	2.1972	2.5381	6.3556	6.5855
0.0235	1.5929	0.6651	0.2035	1.4009	4.3034	1.1627	1.4294	1.0958	1.1057	3.1375	1.4837	1.1065	0.2063	0.8219	0.265	1.5464	1.9768	3.823	0.6245	3.5806	6.246	2.0072	7.4336	0.8268	1.3969	1.8864	1.5558	1.1143	3.8447	6.5429	2.4955	0.5218	1.8146	1.1602	1.4217	0.6716	3.4008	1.3606	2.4239	2.3345	1.899	6.1361	2.017	2.8222	2.4889	3.3353	0.4863	0.4621	2.9083	1.9709	0.2199	2.2874	3.0643	0.8112	1.8186	0.8518	3.3837	3.6033	4.0797	0.6256	1.2618	1.4781	0.3657
0.4918	1.3184	0.9735	2.6021	1.6982	1.5297	0.5758	2.9979	0.5412	1.3417	1.9797	1.1855	2.2452	0.7392	2.551	3.1749	0.4934	0.824	1.3078	1.8015	0.5106	0.8362	0.5487	4.1763	0.6315	0.3803	0.1276	0.8344	3.773	3.2913	4.9618	1.9526	0.6296	2.4183	0.7755	2.0618	1.5687	1.8063	0.2994	2.4908	0.3389	1.5242	2.7984	2.7916	1.7322	0.8664	2.5154	5.1463	4.242	2.5705	3.6301	2.237	0.9151	1.9077	0.551	2.6724	4.2928	2.9212	2.5423	5.1197	4.9325	1.2372	4.5837	3.8766
7.9307	6.9104	0.6253	3.696	2.9735	5.7493	2.2688	2.0803	0.783	1.6748	0.4783	3.0263	4.6598	2.6968	1.3069	4.1595	3.442	1.6214	1.8533	3.3423	1.8013	1.528	1.9291	2.3735	1.7083	1.6186	1.9686	2.7927	3.6636	1.3207	2.4336	2.3417	3.082	2.2648	1.4879	2.9588	0.7575	0.6418	0.8059	3.89	2.1678	0.4164	0.8945	3.6659	2.8074	2.3929	4.5112	5.3469	4.9793	3.4178	2.0235	2.8675	4.8693	1.1841	3.076	1.4306	5.1818	2.2555	2.222	4.3641	2.4139	4.2456	5.5284	2.4305
2.2236	4.9165	1.5879	1.0843	3.9012	5.9928	1.7161	1.9479	1.724	2.1246	3.6618	3.5031	0.7345	2.0641	1.3775	1.8303	4.3111	2.3089	3.9416	2.9491	3.3906	3.1622	4.3913	3.0475	3.3975	1.2831	3.2953	2.751	0.8909	1.8995	3.8022	0.8827	2.6027	5.3204	4.3921	1.4025	2.91	3.8012	1.8956	2.146	5.9795	4.2442	8.3699	4.3081	0.9832	1.6218	5.4672	4.6692	0.5736	1.0466	0.867	0.527	2.8961	0.8157	2.867	0.473	4.0372	1.6091	7.8314	2.1375	0.5991	1.4671	5.3359	2.3163
6.3933	5.6848	1.0483	4.8738	3.5953	2.5074	1.0722	5.5482	1.053	1.1587	0.6507	0.5957	1.9619	3.2285	5.9608	3.2094	8.9819	4.4594	0.6671	4.2014	3.9594	0.9143	0.5633	1.1321	0.7565	1.0755	3.2222	0.8899	1.2643	3.4217	5.1841	1.1346	3.7784	1.1165	0.7493	3.1135	4.4505	2.1584	2.0399	2.7188	1.118	3.3646	3.7517	3.8851	1.2502	2.8677	3.3372	2.4846	1.8714	1.4315	0.8782	2.0389	6.889	1.0339	2.2812	1.5877	5.8837	5.7692	4.3571	4.402	1.3481	2.1705	4.9178	2.194
1.0632	2.0729	0.6066	3.5425	3.358	3.2559	1.291	1.9095	2.0942	2.2853	3.0505	0.6699	1.5059	1.068	2.9814	4.7064	1.6661	3.4698	2.8263	3.1693	2.6948	2.209	2.6079	0.2838	0.74	0.5445	4.2806	0.9191	0.2962	0.238	1.6142	0.9844	1.9105	2.2258	4.0356	2.0047	2.1508	2.1562	1.0583	0.2252	4.5428	2.1608	8.2563	4.3789	0.8758	2.3715	5.0465	3.2663	1.6771	0.7825	0.7784	1.2205	2.391	0.2256	1.7913	1.0353	2.8411	0.6601	3.7896	7.0127	1.6864	1.8456	5.0613	1.8605
0.7758	3.1319	2.2062	3.1933	2.2209	4.3637	1.56	4.4227	3.3234	0.7711	2.6251	1.4603	1.1579	0.7966	4.9711	2.5571	2.8467	3.1312	1.2034	2.7121	2.9136	1.6685	3.4552	1.0729	0.8172	0.3251	3.3976	1.704	2.8662	1.5958	1.5177	2.432	2.4123	3.5605	1.5693	1.3267	2.1398	1.9349	0.8462	0.9387	2.6916	2.0305	2.2705	7.2411	4.7031	0.9586	2.5711	2.1712	3.1271	1.1316	3.4847	2.0664	2.3085	0.8347	0.4666	1.6104	2.0406	2.7372	6.2647	1.6558	1.146	1.8627	4.1003	4.3324
3.0164	2.2716	2.3789	1.6008	1.5136	1.0952	2.395	2.1086	2.2012	6.1942	1.3403	1.1934	0.4051	2.6105	0.8099	2.9977	4.0191	2.6055	4.6654	2.1478	4.6867	2.9824	1.3749	2.4342	1.458	1.8857	2.9026	2.4259	0.4634	2.549	4.3219	2.416	1.8702	1.5217	1.684	2.6145	5.2982	1.4494	2.3958	4.3405	3.1047	2.2252	1.6175	0.9791	0.3136	3.0637	1.0796	3.6133	0.2948	0.32	0.471	0.4619	1.8483	6.2927	2.339	2.6685	0.7459	3.0093	1.4012	3.8326	0.3657	5.3134	3.0259	2.5664
0.5021	0.788	1.2824	3.0073	3.9916	2.9226	0.9815	2.3549	1.2176	2.427	3.8949	2.7482	2.4846	1.8296	3.0256	3.6376	2.3187	4.2919	5.824	3.2011	4.3955	1.5871	1.2736	4.4625	1.0095	1.7375	1.2773	2.268	2.4607	7.5838	4.7108	4.0486	1.7495	3.204	0.9735	1.4804	3.2424	3.5949	1.1296	3.6716	0.7193	3.4215	1.3974	3.0186	3.1995	3.0169	1.9268	2.2431	1.0051	2.6175	2.1711	3.3394	3.9889	5.1159	1.3029	7.9855	4.3294	3.8649	1.7242	2.1337	1.1232	6.462	2.1989	4.7104
2.9005	5.4068	1.9802	1.0209	5.7409	4.0171	2.3603	3.4219	1.5579	1.8318	2.3469	6.0705	1.5558	2.0852	3.6715	2.8535	3.7799	4.3548	1.8956	4.1889	2.2216	0.9841	2.0416	3.1796	2.4064	1.1843	2.2099	1.729	1.2448	1.547	6.5842	4.0431	3.2245	3.3803	3.9553	3.0059	1.9185	2.8937	1.8405	4.4192	2.558	4.6477	3.8662	3.6559	3.7416	1.5354	4.1799	8.0629	1.3976	2.2875	3.7267	2.0334	4.3234	0.736	1.1613	2.9082	6.6814	3.2649	5.8863	6.3059	2.5943	5.6324	6.1921	4.9165
2.7821	4.2479	2.0154	1.1681	3.0897	0.9056	1.3625	3.2827	2.3464	1.8963	1.6656	6.0613	1.0603	3.2354	2.9782	3.2209	3.2123	0.8337	2.0375	2.7475	0.712	0.2257	0.605	1.2922	1.1535	0.9592	1.6462	1.1421	0.9915	1.7509	5.5266	2.0379	3.3008	1.4301	3.1759	4.1922	2.2023	1.3321	0.848	3.2647	2.4623	2.4359	2.0508	3.4866	2.9568	2.1258	4.1406	8.4823	0.9262	2.0823	3.5266	2.3819	2.926	0.5135	2.0837	2.3569	6.0103	2.3134	4.9253	7.0269	3.9533	2.223	7.5511	6.192
0.2025	1.8416	0.616	0.5756	2.9144	2.5429	2.0983	4.7907	0.6668	1.765	1.5751	3.2235	0.8847	2.3499	1.2773	3.9218	0.678	4.6637	2.6304	2.2687	2.1436	1.6058	1.0197	5.3149	2.8343	1.2371	1.8018	1.5772	1.1224	4.4535	4.5381	6.301	0.6273	3.2886	0.7162	3.2947	1.8253	2.0634	0.7808	1.1066	2.1353	0.758	1.9525	4.6122	1.9796	2.443	3.4677	6.4839	0.4121	1.8763	3.0941	2.0852	3.4429	3.8658	3.483	5.1619	2.2795	1.9661	4.1813	5.2332	3.5616	6.745	5.9326	6.7798
0.5307	1.3925	3.3213	2.3239	4.0548	2.1781	1.5784	4.1688	4.799	4.6345	4.9521	4.9752	0.8699	2.7288	3.1683	2.3692	3.082	2.3125	8.3546	2.8491	3.5919	4.2197	4.0946	3.8454	1.6062	3.6067	1.817	4.463	2.0722	3.4957	6.2984	2.9015	2.738	5.0574	3.632	2.735	5.7536	5.5564	2.4141	3.9063	4.9775	4.4773	3.3038	2.4089	3.904	4.6272	3.2127	5.5864	1.3147	3.3531	4.1483	1.1461	4.8952	4.055	3.5951	2.8064	2.6376	5.3439	4.7658	5.3604	2.786	4.4317	3.6957	1.1407
1.8247	1.941	1.2873	3.7684	4.3944	3.1437	1.1944	1.8809	2.0831	2.1588	1.6903	4.7485	1.1514	0.7254	2.7271	3.1792	2.9943	3.0357	4.1852	1.949	2.7401	1.6325	2.3423	1.7129	0.5632	1.2245	1.9279	1.5188	1.979	0.8811	3.5317	1.9827	2.2845	4.2218	0.9605	1.1129	2.4208	2.2774	1.0574	1.1746	1.6488	1.9183	0.4548	2.9989	2.4578	2.8336	3.4115	5.8184	1.7422	1.6655	4.3812	0.9523	2.5927	1.6296	1.0201	3.123	4.285	1.6117	3.0375	4.9141	3.1536	3.881	3.999	2.7262
2.4861	0.3716	5.2511	2.0628	0.5109	0.5733	1.3847	1.9724	3.2743	1.5101	6.5429	0.8901	3.2663	1.83	2.8287	1.0706	1.6709	0.4263	0.8642	1.517	0.488	1.4523	0.4369	4.3158	0.9382	0.3524	0.6697	1.3908	1.9604	1.4869	3.3503	3.8156	5.0049	3.0321	4.8673	1.5754	2.1638	1.4432	1.2153	2.3649	6.3307	3.2396	4.3715	0.9993	0.7988	1.8465	0.738	1.5723	1.0821	0.5511	1.3207	3.8226	2.7144	3.2113	0.3842	1.944	3.7693	1.9708	3.1195	1.762	1.0732	3.34	2.0496	2.1538
1.7443	0.4549	3.8807	0.0467	2.0663	3.8286	1.1767	2.7045	2.7918	2.8442	7.2548	2.5788	0.3293	1.6122	1.0543	0.5439	2.9841	2.2852	5.2252	1.752	1.1783	2.4632	1.5627	10.1471	1.3232	1.6221	1.9456	1.4585	3.6347	6.088	9.1317	7.7205	1.4858	4.6118	4.3527	0.7659	5.3667	4.5122	2.0367	6.4897	3.8837	7.6454	8.5249	3.2193	1.2333	4.2509	5.7296	1.3951	0.29	2.4652	2.3851	0.9993	4.1219	4.3982	1.4123	5.5958	4.7293	6.1731	5.5641	5.1526	1.0986	3.4567	5.3483	3.7574
0.3951	1.5236	1.657	0.6642	1.2388	2.6558	1.1235	0.6514	2.154	1.8132	2.1865	3.9584	0.7334	1.4504	1.8996	2.8254	1.8849	2.4617	4.3726	2.3084	4.1826	1.1711	2.2788	2.0655	1.1486	0.4875	2.1722	1.2803	1.0405	3.8325	2.0154	5.0398	1.54	0.7392	4.3712	2.0323	0.9432	1.6501	0.4506	2.0229	3.8486	0.537	1.1578	1.0807	0.9522	3.9841	2.9764	1.5001	0.5741	0.9746	1.448	1.918	4.8425	3.8087	1.3809	5.1162	2.0997	2.2254	1.8897	3.0573	2.2684	5.4161	2.3076	3.0078
5.1173	1.6691	4.0012	0.9372	2.4153	1.8467	4.0945	2.7822	3.7732	3.8799	2.5619	1.4253	2.6937	0.6508	0.8533	0.8835	2.621	2.7989	2.0517	0.6622	0.8192	1.4526	2.3284	2.8883	2.5365	0.6455	3.8427	2.6349	1.4601	1.796	2.7013	4.8198	1.8552	4.0001	5.6839	0.8618	2.2245	1.8773	1.7123	3.1387	2.5911	2.1851	3.9481	4.911	2.8268	1.8245	2.7993	4.0007	2.3323	2.6617	1.7351	2.6198	2.7197	2.0991	1.5417	1.5078	4.189	2.2483	4.2549	2.493	2.3544	2.5353	6.7457	4.6814
1.4515	4.4189	1.9	1.0923	10.3232	4.9024	2.2873	2.8652	4.8536	4.414	3.2186	3.4182	0.6485	2.353	3.1453	1.1206	3.2499	7.5196	10.2118	4.4141	3.2117	3.4397	2.9414	6.1842	2.1718	4.1015	1.6293	1.9993	2.5132	3.5195	8.4755	2.6486	3.0797	5.2312	3.0259	1.0955	7.1609	5.0193	2.8597	5.5038	2.6397	5.6909	1.276	1.5138	2.3112	5.8506	4.0546	2.5363	1.1269	3.5866	0.9106	0.8106	4.8399	2.8866	1.6858	4.1156	2.7457	5.5889	3.3387	7.7219	0.9573	1.7834	3.5793	1.2513
5.925	4.9303	2.9995	3.0998	4.11	3.1682	3.4488	2.027	4.3594	4.4358	2.7313	2.2865	2.3273	2.2422	7.1176	3.3338	2.0765	3.5972	3.1378	4.3922	3.2748	0.808	1.9348	1.1645	3.3687	2.4395	1.2713	3.6988	3.2714	1.6971	3.1078	4.7215	5.165	1.9094	6.0113	5.1758	3.5412	1.1357	3.5004	4.6877	4.3881	1.3252	1.4318	3.8822	3.1155	4.1949	5.0779	5.0845	3.9511	2.6536	1.579	2.1838	3.8796	2.2343	1.8993	5.1154	5.5298	4.6908	5.1923	6.0402	1.8799	5.4588	5.739	6.2636
3.262	5.7507	3.9513	1.3405	3.181	4.3275	4.5556	1.6192	1.9697	3.53	1.746	2.4709	0.5601	2.8676	4.6926	1.1127	1.9696	2.3825	2.7655	4.1413	2.8212	1.8707	4.4078	4.0299	3.1792	4.9661	5.8612	1.9577	1.8657	5.6343	4.5017	5.9291	6.9358	3.6926	2.1931	3.0632	4.221	2.8522	4.3518	5.4567	6.4675	3.104	4.5892	4.0468	1.115	3.4174	5.1145	4.3691	2.0214	1.3101	0.6262	0.5561	2.3524	4.2352	2.68	6.9729	3.154	5.0475	5.891	5.4134	1.2308	4.7008	5.4136	4.6056
1.7019	1.4957	2.9763	2.0542	3.1651	2.9404	2.0988	2.5349	1.6882	2.29	1.7532	7.2528	2.1942	3.7636	3.3713	2.828	3.9378	3.336	5.1629	4.4437	3.7268	3.3465	2.6392	3.1776	0.7523	2.2273	1.4655	3.6312	2.284	4.7728	6.5753	2.2835	1.1234	3.2252	3.5398	2.0025	3.2946	3.6752	1.2973	5.1063	2.4792	3.5228	1.6622	3.8081	4.3956	5.0599	10.2913	5.1031	1.5915	2.8043	2.7519	3.768	7.0839	2.8452	2.1121	4.8518	4.9513	5.1367	6.4836	10.15	2.346	2.0141	6.1322	3.9419
1.0417	2.9665	2.5548	2.3984	4.2892	1.6243	2.5745	2.4013	2.1881	4.1597	4.5376	4.3028	1.8346	3.3094	1.6937	2.679	5.0693	4.3716	6.7318	2.9354	6.233	5.2147	2.3396	3.2802	0.9037	3.2864	1.4328	2.6845	0.9718	4.3143	5.3942	0.7222	1.7288	2.2272	4.1321	2.2847	5.9224	4.5193	2.0135	4.4166	1.7649	4.7944	4.6666	3.7352	1.3099	2.8873	7.3836	2.4203	0.8025	0.8313	1.5392	1.8417	2.7112	5.8094	1.1536	1.2622	5.7686	5.1066	4.3878	3.2971	1.0043	0.6378	4.1789	3.8339
1.5858	3.0604	1.244	2.8332	1.6726	2.4909	2.2758	2.2878	1.4962	0.6225	2.1887	3.5565	1.4035	0.6629	3.4089	2.2199	0.6746	1.5951	0.4315	1.6612	3.1654	2.0994	1.1712	1.0324	1.7787	0.7356	1.6653	2.3098	1.0232	3.5179	3.3201	3.5648	3.8001	1.3853	3.6327	1.3883	0.6387	1.0531	1.7985	2.6335	4.1138	1.711	2.2417	3.0152	3.4483	1.707	1.0544	4.604	2.9574	3.0034	2.5194	1.7823	0.9643	2.5933	0.8495	3.8495	2.6421	3.1336	4.6667	1.9089	4.3579	2.5958	3.7697	2.7547
2.7547	4.604	3.5648	2.2199	1.9089	3.0152	2.3098	3.5565	3.8495	2.6335	1.0324	2.2878	1.7823	1.3883	1.6612	2.8332	3.7697	1.0544	3.3201	3.4089	4.6667	2.2417	1.6653	2.1887	0.8495	1.7985	1.1712	2.2758	2.5194	3.6327	0.4315	1.244	2.5958	1.707	3.5179	0.6629	3.1336	1.711	0.7356	0.6225	2.5933	1.0531	2.0994	2.4909	3.0034	1.3853	1.5951	3.0604	4.3579	3.4483	1.0232	1.4035	2.6421	4.1138	1.7787	1.4962	0.9643	0.6387	3.1654	1.6726	2.9574	3.8001	0.6746	1.5858
