4.2314	4.3144	7.9101	5.1763	3.9558	3.5796	4.9878	8.4935	7.9903	7.3336	6.9421	7.4048	5.4428	6.8887	10.1332	3.8916	2.4923	2.3878	4.2492	4.9915	2.1512	2.4297	2.5377	5.7977	6.0236	3.4191	5.1492	5.5928	5.1013	5.192	12.1999	8.9292	8.9046	6.583	8.3717	7.8555	3.8154	5.4783	5.4886	9.206	5.1177	6.169	4.3479	8.6056	10.172	5.9432	8.4714	6.18	5.3477	7.4583	8.3823	6.6055	4.7042	2.804	6.6756	8.2571	12.4997	8.6532	8.1459	9.9019	6.3227	5.8084	7.3787	9.7098
10.2616	10.0861	5.4567	10.7116	11.4975	4.8511	3.8207	11.4668	7.6717	5.4669	2.7666	9.4797	12.6081	12.5469	8.4474	11.7203	8.2363	5.9242	8.8601	13.7768	6.9306	5.2767	1.9907	6.5606	3.8851	2.6789	1.4498	3.7976	10.3564	6.8874	6.7678	8.1273	6.3177	6.1118	3.5361	8.8853	7.7085	3.1879	2.1088	5.129	4.7742	1.483	1.0005	1.9152	5.7247	5.2023	4.0287	8.3473	11.6402	8.8605	6.8336	10.1464	12.6596	7.6746	3.7642	8.771	8.6646	8.5442	3.952	8.0164	9.9978	8.5343	9.7944	12.1535
12.3559	5.1457	5.4812	9.3728	3.6868	5.4483	3.0062	3.9226	5.1935	3.981	1.5684	5.2045	4.9936	3.038	5.9669	11.1252	6.4675	2.4412	3.031	5.564	3.5262	9.6309	3.3638	8.4841	4.3318	2.2069	4.4159	5.6072	4.1285	7.7378	5.73	8.7778	7.6024	4.0202	3.6078	3.0099	5.2238	4.2796	4.0738	2.9619	5.0137	4.5936	12.1624	6.521	6.7669	4.8061	2.5954	11.8479	6.7455	5.6588	4.4701	7.4341	7.7369	6.4484	5.5297	9.0797	4.6216	6.9217	9.5008	9.0543	9.7169	12.1395	13.687	28.3868
3.9975	4.7322	10.2321	4.1365	6.0989	7.29	5.4213	4.4581	12.5546	12.0343	13.108	7.347	4.7018	6.0022	8.3293	5.425	5.3038	8.3263	9.543	6.4056	8.4629	7.7434	8.3981	7.6544	6.8625	5.1809	13.4946	6.8268	5.1617	8.1886	9.3563	6.537	9.7771	7.9967	16.3918	8.6597	7.8077	12.7097	7.8397	8.9937	12.8037	14.175	13.469	11.1419	7.5808	8.9663	10.87	8.6229	4.2681	4.1814	9.7639	5.2494	7.2646	7.5723	8.8273	8.1323	10.3563	7.3472	10.2923	10.6269	5.9771	7.0038	7.6202	5.7212
18.844	5.5056	10.9089	11.0524	6.6207	3.4346	3.0969	7.1692	11.5009	7.7664	10.9641	7.9739	6.2057	8.8859	8.8186	7.9078	10.5748	3.8665	10.2616	7.0464	5.386	3.8437	2.0467	6.7542	3.9725	3.1975	4.8525	3.7594	7.1685	5.2862	6.7839	9.5179	8.745	6.8963	9.7934	6.1389	10.0575	4.4917	5.116	6.809	8.4229	6.6303	8.5295	6.0318	4.219	7.0394	9.055	8.6536	6.6189	3.9029	5.9192	6.6337	10.2235	6.4073	7.1188	8.2067	7.5131	8.8719	6.4888	10.2967	5.5166	11.0441	9.4621	11.8794
6.0953	6.9741	8.3647	8.15	5.2051	6.6544	5.0714	5.1476	7.5451	9.6552	11.4896	7.8386	4.6835	4.7505	10.2348	6.9774	5.8427	5.0243	11.0922	5.1853	12.1749	12.5366	7.8899	8.8724	5.0991	8.4723	8.1524	7.9393	3.7942	11.309	10.7298	6.2655	9.3236	6.1759	9.8091	7.9403	5.262	12.7432	8.7385	11.2374	11.2775	10.5954	12.1747	11.0885	3.752	8.949	9.3733	9.3836	5.4178	3.961	4.9653	3.2311	4.5439	9.591	8.7163	8.1821	8.7171	9.7588	13.34	7.559	4.8604	6.5494	8.4531	8.5645
6.8041	9.8536	3.125	5.7599	6.3803	14.4469	5.6146	4.1978	5.7655	8.047	4.9907	2.4403	2.3736	5.2208	5.2242	2.9395	8.855	10.6569	8.0083	2.8724	12.2349	29.9578	15.9045	10.5296	7.2072	13.6791	16.8825	9.0625	2.534	11.0668	8.9723	3.5076	8.0025	7.3856	8.1735	6.1588	6.9471	19.0162	15.3519	6.8623	11.8965	17.7416	23.4623	8.5135	1.5055	9.304	10.0079	3.9951	1.788	2.8688	1.3603	0.8388	4.3446	9.0906	10.0622	4.8462	3.0072	8.4955	12.3267	4.4301	0.4451	5.0415	4.5269	2.0718
11.6845	3.0031	12.0556	5.8161	1.6747	4.8652	3.9398	6.7408	10.8183	8.4405	13.9229	8.1056	5.3406	3.4192	4.2859	7.1505	4.2355	3.8732	6.0958	3.1336	3.8751	12.6369	7.1785	9.0927	3.6528	7.1951	5.8766	5.2199	5.3753	9.4456	7.7287	12.4772	10.0685	4.14	14.8601	5.2051	4.8154	7.2275	7.4529	10.7387	11.645	9.8501	11.9998	5.2229	3.6359	5.8551	6.4141	6.2918	5.9868	4.5997	7.4036	4.3827	6.7422	9.5906	4.8505	9.2636	7.3691	5.5534	7.0888	4.4884	7.2424	12.0041	6.9215	13.0365
18.6685	8.5476	16.1733	10.8393	9.6468	4.6658	4.4537	2.0534	17.8883	8.9552	9.3509	9.2088	2.5005	4.5215	10.5502	7.8436	9.6824	3.653	10.3123	2.6034	4.2933	2.2018	1.7574	0.5764	5.8592	2.1729	3.8956	2.3043	3.7439	2.1324	3.1612	2.2505	18.2153	7.0189	11.3843	7.9059	9.4802	4.6172	4.3173	5.4009	11.1223	6.5337	8.3568	9.4662	7.2971	3.4115	14.4565	10.4628	7.9855	4.3244	7.0642	4.0469	3.2739	2.054	3.7621	3.1757	10.0527	7.4626	13.497	14.0429	7.9087	2.6185	14.5056	13.0818
19.0207	8.7364	10.6342	15.8614	6.8627	3.9128	2.1905	6.5759	10.9199	1.7557	4.4517	11.7262	12.3853	6.0796	9.3946	16.3484	8.188	1.8095	5.2977	7.8306	2.614	0.3578	0.5835	2.438	2.1148	0.1973	0.9844	1.9168	3.9346	1.6398	2.8973	7.0772	10.4301	4.116	4.9438	8.8865	4.5011	0.8322	1.0049	3.7189	6.4806	2.9698	3.3877	6.5908	8.0661	2.1601	9.7331	15.8019	16.8694	4.4429	6.6653	12.4573	9.8854	0.9506	1.5695	2.8404	7.6497	4.5788	9.8882	16.1785	16.6169	5.994	16.244	37.1108
9.8138	9.8162	9.712	8.0603	5.614	6.1707	3.0538	10.8511	9.6926	5.3841	9.0254	10.3691	8.5606	4.7875	9.9232	5.894	7.7728	3.9008	3.6177	5.5766	5.1129	5.8733	1.5082	7.6463	3.3666	1.2694	2.887	3.4097	8.0786	9.4155	8.2817	11.6027	10.9627	5.3873	14.1854	8.3841	2.8631	2.0105	2.1068	4.2027	13.0224	1.7416	13.5791	9.3048	7.1328	3.7332	13.9194	5.9501	9.1099	6.5657	9.9361	7.5053	6.6701	3.6429	3.6886	10.4821	15.0699	2.7126	15.9887	8.1573	9.4851	4.1078	11.1681	5.9465
3.1419	4.6356	7.4622	3.4765	7.9262	6.2074	5.0421	6.8492	9.808	10.1543	11.4157	8.2423	5.1835	5.2527	8.3852	5.0934	5.4479	8.3379	9.0225	6.2103	6.0255	6.6351	6.4456	10.003	4.7284	3.5494	8.0256	4.3379	6.7454	5.1631	9.6445	7.6797	5.9399	8.8229	11.9972	8.7494	10.5064	9.5405	4.9138	8.8691	7.3426	11.1514	8.4974	10.1846	7.188	4.1219	9.8365	7.28	4.3936	4.3241	12.1913	5.9959	4.1445	5.6494	5.1557	2.8971	13.1264	5.857	9.3821	7.9505	7.5646	3.2003	9.1244	3.6579
14.6673	8.3168	8.2945	15.1768	12.6511	5.947	3.6548	7.4417	8.4333	6.363	7.249	8.6464	18.4394	10.2853	16.6658	13.6543	15.0117	9.8071	8.1741	15.6894	11.3661	4.3504	1.8926	4.1703	3.207	2.7388	1.7605	2.5181	9.7269	6.4381	4.3846	9.1888	7.4247	3.6549	6.3676	7.7901	11.3962	4.9805	1.9165	4.9943	5.4629	3.7542	2.8397	4.5953	6.9872	3.0561	10.6634	9.0712	9.8318	7.5637	11.1053	20.3899	12.7467	5.7785	2.9635	11.7271	9.6978	10.0951	7.1435	14.3071	13.4099	10.3596	10.4856	11.8578
22.178	13.6581	6.338	14.1367	21.6972	5.8779	6.5373	7.3903	7.1776	3.6947	3.3214	6.9107	17.7948	6.6624	12.316	16.8657	12.6601	13.5083	6.0265	12.5021	5.8934	2.5001	2.1799	1.6155	4.2324	1.5059	1.8802	5.6959	6.1395	2.5612	5.3967	9.2624	9.9801	4.435	2.8336	10.1756	7.7801	1.8761	1.1124	4.7003	4.3232	1.8999	1.095	3.9152	9.6751	3.7109	10.7372	11.7948	12.8821	9.7789	5.2939	19.2723	7.5193	1.7949	2.534	8.0398	12.8287	8.0147	4.4965	19.3638	15.4448	6.5704	15.2735	17.587
9.4751	10.3425	2.2251	9.0263	16.8323	9.5635	3.817	5.6449	3.202	3.4065	2.6428	5.0402	20.862	5.7278	12.7509	11.8067	7.0786	14.6209	4.0103	11.6635	7.8794	6.7032	4.4634	3.9267	2.8262	3.3256	4.4008	4.5388	6.4251	4.1212	4.8435	7.9099	4.6855	2.1317	2.4053	8.9982	6.6266	3.4129	2.5373	6.1052	4.414	2.2618	4.2949	9.2429	10.0095	3.9747	18.0696	16.244	11.1773	11.6772	4.4911	21.3258	6.4278	3.5863	1.7713	7.2158	8.0855	9.1971	8.0426	28.9884	11.7549	5.6665	18.6822	19.3132
25.1148	13.9022	5.7384	23.7291	24.325	8.4215	2.2281	7.095	5.0035	1.0312	1.6419	8.31	28.3015	3.0472	9.768	23.8885	13.6845	15.4832	1.3277	11.2533	7.9541	3.6579	1.2891	3.8587	2.1373	0.5879	0.1695	1.7956	5.8534	1.247	2.0864	7.9061	6.0117	2.6329	1.1904	4.1949	0.9965	0.3732	0.2102	1.0954	1.9304	0.108	1.905	4.6281	10.8472	1.4965	10.3	10.7123	25.4186	9.9589	8.6303	26.2596	7.0212	4.2839	0.8298	4.0664	5.8389	0.9328	4.8845	19.3802	25.9513	8.5251	9.0094	26.9272
3.8496	7.9366	6.8135	2.4559	7.8973	13.618	5.7724	7.8489	4.4512	10.0851	11.3465	8.6319	3.1819	5.0788	5.4223	2.0374	6.5345	14.2702	13.0363	4.6461	15.7528	21.856	12.1549	9.7354	6.7662	8.1587	9.6178	7.6212	4.8415	12.2626	13.7582	3.4554	6.334	5.8697	9.6507	4.0164	7.6213	12.1717	8.3605	11.0086	6.9206	11.2893	14.1321	11.5211	3.6268	7.255	18.4988	5.0094	2.8522	4.7141	5.1399	1.9385	6.5714	11.0624	6.0559	5.2693	7.8025	9.6197	14.235	8.5569	1.6164	2.7724	5.9613	1.103
2.1537	0.4235	4.2354	8.8261	3.7333	0.1312	1.175	1.7682	4.0306	1.2174	6.3248	13.5915	12.583	1.6038	26.1143	16.8118	0.5862	0.3296	2.7162	7.9783	0.1895	0.0	0.1484	0.2159	0.8607	0.412	1.428	2.3442	1.0521	0.4944	3.7666	2.3611	5.2619	1.4428	7.8947	11.8321	4.7567	0.1942	1.9939	3.0407	6.7134	2.0335	10.0531	18.8061	17.9937	3.4379	43.9673	24.9073	6.0915	4.6499	9.8874	24.9517	3.1679	0.2511	2.2023	3.3389	15.0834	6.5785	20.5967	58.7954	12.553	3.607	27.8922	24.805
16.1686	17.1376	10.8349	6.2946	15.9006	12.7089	6.746	11.452	11.1153	17.0263	5.8476	7.1383	7.9475	6.4516	6.5891	3.7213	15.0556	9.6353	13.8877	9.1392	12.2873	7.6244	5.2116	12.4918	4.4158	6.912	3.667	4.3337	16.3615	8.3787	7.3994	5.915	9.5801	9.154	5.6434	4.8276	12.6456	12.6908	4.9407	9.0561	5.0525	6.8746	2.7707	3.8728	6.6397	5.8732	3.7424	3.0193	9.2834	10.3679	10.4061	6.6928	8.0523	5.5529	2.1169	7.8189	6.613	7.4721	5.1877	3.9456	5.7888	2.9184	2.7513	2.3038
35.0251	17.2185	5.0373	6.4379	19.0436	4.1074	2.9626	3.2606	5.274	4.4948	3.3973	5.3965	3.5311	2.9595	5.1611	10.6596	17.3715	5.4514	5.9654	7.3784	6.771	1.4849	0.9107	3.5985	2.8068	1.8095	1.6589	3.9951	3.2712	5.195	6.1688	15.7279	3.8993	3.9816	3.5239	3.9504	2.4134	1.4185	2.6657	9.9629	1.4852	3.5124	3.6515	6.9687	6.0544	6.4523	9.9449	22.1395	6.8594	3.4742	4.7517	5.3454	6.3855	2.8722	4.1883	11.5446	5.9768	8.96	7.1343	28.6403	7.0889	10.6507	30.7449	53.7465
3.6312	7.9723	4.0759	4.8586	11.3435	14.6252	6.3569	10.6122	6.5699	6.4048	6.434	5.1195	4.1848	7.5765	8.7953	7.0601	7.3126	15.2892	4.7871	8.2787	12.4074	11.4851	7.2278	7.99	4.4477	3.4351	7.6862	9.1929	6.1987	6.931	10.7797	10.7577	5.2311	10.6939	7.2888	7.2811	4.1816	5.9689	4.8936	7.5909	9.4994	5.5699	11.4131	11.5875	9.7732	7.2605	12.0469	8.3208	3.8392	9.931	7.7796	8.2786	7.3735	8.1137	6.3449	8.5816	8.4604	7.1874	11.4742	11.5523	8.5301	9.1247	7.9631	10.9569
8.4359	5.0554	11.5928	8.7396	7.1575	4.906	3.4482	9.9383	12.4368	6.4254	8.6724	7.6201	9.0062	6.3712	7.8109	7.1908	4.4752	4.9435	4.2867	6.2716	3.3103	4.3484	4.4342	12.7417	4.6048	4.8877	4.304	5.0497	6.8872	12.8732	17.5807	16.4427	12.6895	7.6538	12.4535	9.0858	3.8681	4.907	5.561	15.0597	13.243	4.1451	6.512	5.566	5.8833	6.742	7.3875	5.6945	7.6546	4.6665	7.8601	5.837	5.4583	9.5015	6.6561	15.5185	11.5444	14.4771	10.4753	8.026	4.5633	11.3633	13.5482	8.0693
3.739	0.7754	4.3121	10.6278	4.5607	0.0703	0.7264	3.927	2.3325	1.145	5.4391	9.3822	13.8423	3.1025	18.656	17.0239	3.0822	1.2404	2.5599	11.1969	0.4905	0.0229	0.2388	1.2057	1.3261	0.3818	2.1525	3.3016	4.9661	1.6893	4.1752	9.105	5.0679	2.6379	3.5137	8.2568	5.5959	0.1486	3.0183	3.6448	7.1352	3.5565	8.3341	14.2372	15.4785	4.6009	29.1938	17.1342	9.7272	4.6257	7.8849	25.91	7.9745	1.5108	3.1111	10.8855	9.492	7.5216	17.5635	40.1917	14.8368	11.9212	22.7136	39.6982
9.9069	10.2368	9.5646	4.8844	11.1147	7.3688	5.663	4.8655	15.5898	10.0095	11.4178	6.3625	2.135	4.0302	4.6488	3.4198	11.8383	7.8702	14.8851	2.7576	8.6203	4.844	4.527	5.6785	7.9726	5.897	4.3803	3.5015	4.6436	6.4022	6.9687	3.0965	10.8943	8.3835	12.6942	5.2702	11.8032	9.3552	7.0096	4.9489	7.7944	11.2918	6.2188	3.2557	3.0768	5.3376	4.8942	4.767	3.4782	2.0444	7.5149	1.2779	6.9335	2.2653	5.0596	5.8078	5.9946	5.153	5.5866	4.9314	2.844	4.3605	3.9863	1.8185
10.5904	4.7713	6.6934	14.4047	6.2763	1.8596	2.7267	7.3496	6.0998	3.3999	6.3372	5.4986	12.6014	7.088	5.1841	14.113	6.629	2.5335	5.1078	4.3687	1.4293	0.2263	0.6467	1.7733	2.228	1.0184	1.9885	2.4151	5.9685	1.7277	2.9668	7.0643	8.5755	3.6357	2.9166	6.4309	3.6451	0.6966	1.3901	2.5811	4.72	1.5437	3.5955	4.1133	7.6602	4.3795	2.0555	5.9887	10.0388	7.7886	6.5817	14.6694	7.4534	1.5416	3.0385	8.2585	6.4714	2.6122	1.5001	6.6319	11.3665	7.3249	6.4425	15.3983
8.3252	6.7217	9.6724	12.6557	5.1221	4.0704	3.6516	9.7546	7.9297	11.8686	7.9278	7.0783	6.8242	9.8358	10.0722	11.1917	9.5042	4.4165	9.0278	7.7947	7.665	2.6706	3.2544	6.8309	5.7111	4.7874	4.2759	5.1252	9.2548	9.4752	10.9839	11.4949	8.2595	4.192	6.9763	8.3732	10.1173	6.9503	6.984	14.2938	3.9895	9.0602	6.4603	6.4718	5.6494	5.9428	7.9566	6.5818	10.9315	5.4249	7.4928	8.4681	9.3281	5.8497	6.0369	9.8668	10.7573	12.6807	8.1038	8.1082	11.5403	6.5734	11.0924	9.4956
10.8729	9.1639	8.5271	9.2771	11.4129	8.3156	5.9614	12.1844	6.5315	8.0317	11.3472	5.0732	7.7423	9.2779	6.8391	7.952	8.0516	15.0022	9.3288	7.8654	8.9384	11.6645	5.7204	15.5091	3.4147	6.5539	8.7698	5.0151	6.7143	13.6942	7.5649	21.4076	5.227	5.6659	6.517	7.3506	12.2785	9.4321	6.8632	6.4335	7.4424	12.958	9.7598	8.081	3.8385	5.089	8.8062	6.8663	11.0948	6.2805	6.0899	5.0941	7.004	12.486	5.178	14.9077	8.0001	7.4436	8.355	7.1824	13.1164	11.5363	8.3944	23.5082
10.9695	4.0065	16.7261	6.6608	5.195	5.9553	5.1261	6.8748	12.6195	9.3658	18.0125	10.6067	6.7648	7.4363	10.1395	7.9192	3.8906	8.5554	11.4625	6.6151	9.9026	8.8922	6.2491	5.427	4.4119	6.9357	7.2699	5.9657	7.3127	5.7269	7.8647	9.2031	13.1329	6.1434	14.3295	9.961	9.5615	11.1076	9.3328	12.7778	14.0655	14.3775	16.7778	10.8326	9.8908	5.7449	13.2098	7.1288	10.1156	5.275	9.6313	8.688	7.7092	5.9254	5.6214	5.1721	9.5772	11.9001	10.0214	6.5803	9.9216	6.9939	7.0861	8.8813
5.138	3.6788	6.8859	5.1884	6.3964	4.5633	6.243	5.6715	7.9448	11.4392	8.6392	10.735	5.2592	6.4111	10.858	6.6086	4.7785	5.3503	10.7425	7.7115	5.2575	7.5487	8.5034	10.1798	8.1856	10.0985	11.8258	8.7488	6.0984	10.7608	7.5981	11.5591	5.2745	5.7188	12.1496	8.8625	9.4157	9.1809	13.7868	8.1747	8.2456	9.635	12.0646	14.82	8.1391	8.5766	14.152	13.5711	5.1318	7.8779	8.5677	7.355	6.1269	13.1728	11.0337	9.1711	7.4053	10.9803	12.162	10.1529	7.7802	16.1705	8.313	13.2931
4.9488	6.8472	5.3058	9.895	7.5879	6.2141	3.4465	11.2225	6.1028	4.5746	4.9062	7.6986	9.5933	9.0827	9.6338	10.172	5.1747	6.7035	5.378	12.6444	6.3863	3.5906	2.9075	7.7045	2.8016	3.2121	2.3412	4.2682	8.9274	8.4027	12.0033	9.4901	7.3463	4.242	4.48	5.0342	6.1794	3.363	2.0956	6.7682	4.0128	2.3078	1.4826	6.4598	4.7461	9.3321	4.2697	11.7096	6.8711	10.307	6.6077	9.5996	9.5383	8.3383	4.9569	13.9592	6.7004	9.9414	5.5836	11.3136	10.3091	11.5763	8.9216	13.8451
8.9526	6.8329	4.808	7.2246	5.9401	10.1872	5.1449	10.177	2.9306	8.0687	5.9377	3.9673	3.4949	8.2769	6.1677	5.5715	7.7033	9.7369	6.3676	6.4098	8.106	13.4003	11.5371	16.0074	5.7527	11.0319	7.0421	6.5819	8.8154	18.2793	19.474	9.2684	5.1923	8.1365	4.849	5.5847	8.3357	14.7727	8.9082	15.2946	6.5581	12.3438	5.6468	5.8369	6.4236	8.5236	9.6505	5.0484	6.2028	7.5593	5.5258	3.3602	8.2376	13.1852	8.1558	14.0451	6.9424	16.3263	10.1273	10.5712	3.9346	8.5263	8.7903	4.4682
3.6492	3.9046	7.454	6.4679	3.6364	2.9693	2.2377	7.2424	7.77	9.6449	8.1047	16.2222	6.8232	8.1044	10.7438	15.1372	5.2114	2.699	6.8839	9.9611	7.1593	2.4351	2.5139	8.3077	2.7179	2.3054	2.0693	5.7958	9.0795	8.7273	11.1475	16.5324	2.9224	4.2647	10.5767	9.4472	5.4544	5.343	3.391	14.6316	5.6014	5.4172	3.0335	9.4319	10.2228	9.6098	9.5625	19.9011	5.356	4.5277	13.0727	14.4292	8.9036	9.8041	4.6831	16.9885	10.5226	10.9824	9.4063	17.6764	15.1103	14.5383	17.0802	33.0502
33.4971	9.3756	6.4349	12.1115	8.6316	11.3143	5.583	6.6263	7.382	7.3152	9.8252	3.9607	8.1012	7.1847	7.2137	1.3763	8.5209	8.5823	8.4125	5.6136	8.4507	10.4853	11.9018	6.4621	6.9953	9.9153	11.471	5.7343	5.3952	5.9973	8.3635	0.7927	18.5498	6.1459	9.2789	4.9224	6.3687	9.4848	11.3642	4.9533	17.7127	9.4042	46.3903	12.8797	3.4433	4.3937	16.8756	0.7864	5.1818	4.1122	4.1944	2.0155	6.8896	4.4544	5.0243	1.9683	6.9344	5.5014	18.6998	2.9406	0.769	0.5118	1.5374	0.1404
12.2001	9.3357	13.3634	11.7431	7.2019	9.8809	4.5671	10.7612	11.6344	9.971	12.1455	10.3545	10.0479	8.6083	8.1634	12.7564	7.3711	6.0488	8.9049	7.2606	8.2487	8.8662	4.8539	13.3729	5.8353	2.5025	3.5866	4.4261	14.0813	7.5517	8.2302	10.9055	15.4501	8.4611	11.4917	8.5402	6.5356	7.7406	3.2693	6.6419	12.6651	4.5192	7.3586	4.4882	6.6486	3.481	8.0561	5.9008	11.5114	7.7287	10.4963	14.3398	7.5379	8.2544	4.0086	8.8312	13.7094	6.5268	5.9632	5.5961	12.6714	9.4464	6.9131	10.101
37.073	19.669	9.7385	6.8445	14.0227	11.6331	5.8485	5.0289	8.673	7.4809	7.4946	6.6053	3.1343	5.4354	8.3865	6.0449	14.1419	7.6501	8.5854	4.6449	11.1796	8.7238	7.5045	3.6768	5.9175	5.9355	9.8494	5.6448	2.4115	6.5759	5.9329	4.7018	14.007	6.7351	7.7038	8.1966	5.5174	7.3541	8.0992	5.6698	6.1182	6.6921	7.6037	9.396	4.795	6.2634	11.0296	8.1575	5.7593	2.6349	3.9659	4.2152	4.1883	4.1277	5.8965	8.7952	13.8621	6.8683	4.5466	9.2812	3.5222	6.0252	6.9679	5.8628
17.0707	5.2794	12.2006	11.5126	6.3625	2.4732	2.0699	5.1205	12.249	1.913	9.5602	11.2163	15.2893	4.5505	14.1923	11.1328	4.4482	2.693	4.6573	9.512	3.7233	0.7716	1.3731	4.3419	1.2714	0.8842	1.6385	4.2773	4.8525	4.789	5.9808	9.3239	9.9872	1.5947	9.7136	7.5853	2.9244	0.8673	1.4322	3.4872	6.2046	1.0343	5.7066	5.2188	11.4675	5.3728	6.1505	12.5337	14.6884	6.3252	10.4754	16.1597	7.181	4.868	3.3663	10.8133	9.559	5.094	5.9791	14.4402	15.5569	8.6696	9.4903	19.6246
0.5194	1.8836	4.1294	2.3018	1.3792	3.7938	4.8534	4.0369	3.9316	10.377	7.8017	7.3939	1.6388	3.0969	6.182	2.4846	3.2983	4.4373	13.0865	4.5894	6.3194	8.8862	11.8548	10.433	5.8339	12.5197	12.0446	10.426	3.3182	12.1119	14.6819	13.1325	4.1457	4.815	7.5153	6.9258	8.0565	13.2966	11.8087	14.4678	8.6321	12.9067	11.1547	13.3256	4.6782	11.7057	13.763	9.6057	2.1542	2.9109	5.2765	2.6877	9.3634	9.8465	12.2242	10.0359	7.7844	11.8184	16.1849	10.1854	3.8041	11.7523	12.0355	7.3391
14.2223	7.9904	9.7693	15.3449	8.6182	3.2188	3.5761	7.5431	9.7269	8.1747	10.377	8.7934	16.397	6.4379	12.935	14.1017	12.7724	4.7231	8.1009	9.5564	6.5164	2.1267	2.8512	3.5762	4.8261	1.6136	3.7678	3.1466	6.5034	3.9726	8.7578	4.9192	8.2542	4.2065	10.4368	10.7326	6.3023	4.387	3.509	6.6427	8.3654	7.4413	5.4293	6.7581	7.7037	7.6798	8.6547	6.7474	11.3967	6.4282	9.5967	13.9444	13.0372	5.3051	3.9967	6.3853	11.8328	6.6944	10.3576	12.5231	8.6459	9.1191	12.9514	13.4976
4.381	6.0795	7.291	8.3635	8.7715	4.4398	5.7365	7.8417	12.4724	10.4539	8.656	10.5844	4.4659	11.437	10.4804	8.4548	8.6506	6.8714	13.4388	7.8161	5.9906	2.2596	4.9448	6.2497	7.9952	5.9629	5.4765	5.5199	7.3852	5.9055	12.3061	11.205	6.8248	9.923	13.8896	11.7549	12.6774	5.6613	6.1022	8.3636	11.336	7.8036	5.6113	7.7394	5.1102	9.8116	8.3281	8.5071	7.0841	3.9128	8.1017	6.8773	9.1659	6.546	7.2889	12.0986	13.0741	8.4441	12.8252	7.8228	10.1768	6.8867	11.302	12.8538
8.5382	6.5536	7.0977	7.3229	6.8386	2.6898	4.5088	9.0812	6.2521	7.4273	8.2519	14.558	7.0666	4.3638	9.1962	7.8322	5.0504	4.8032	10.2592	6.0421	4.3016	1.6577	2.8471	4.4286	3.8483	3.4889	4.5441	6.1559	9.3504	7.3067	10.2593	12.1481	8.0044	6.1943	6.5354	6.7594	7.088	4.0599	3.7695	9.1112	6.917	4.3848	5.6137	12.932	11.9781	10.2007	15.253	20.1448	8.8673	8.0116	13.7611	8.2186	8.3019	6.9941	6.6025	14.7385	10.3087	8.6122	10.7321	21.4104	11.4091	15.6861	15.196	23.3296
11.4775	5.9897	16.3785	5.494	7.8247	5.8111	4.8492	7.7676	11.8777	7.6501	17.0994	10.9839	5.3077	4.109	7.4201	7.1891	6.3042	6.679	8.1281	5.0144	4.7725	4.5911	5.3644	6.3803	5.0019	3.1315	6.8746	4.3067	6.6832	4.0154	7.4626	8.9519	14.0431	6.9168	12.1335	6.7172	6.7101	6.0314	5.4866	6.3097	14.9746	7.5896	12.8552	14.8287	11.6263	4.4725	13.9353	11.3756	5.8293	6.2766	10.6845	7.1253	4.7592	4.2889	3.3807	6.7007	6.7102	3.783	12.5506	14.0358	9.2357	6.5346	10.0053	10.6544
4.0874	4.6063	5.3645	4.557	3.4947	7.3387	4.0523	7.6885	6.8475	6.9652	9.0512	6.4245	2.6356	6.5325	7.5817	9.4297	1.5203	2.7537	7.2004	6.4492	5.078	5.2943	5.405	10.0945	4.4739	3.4496	5.815	5.81	5.7151	7.517	15.4697	15.094	9.6366	10.4643	12.6645	8.0471	2.5272	5.5357	3.9728	9.356	15.313	3.7384	12.9665	7.0148	3.546	6.4428	12.664	7.0029	3.6838	4.5003	6.4924	6.3313	5.733	7.4675	6.1038	14.9221	15.7374	7.2199	16.0072	11.3245	7.727	11.0191	16.2147	16.406
9.7568	2.5782	10.804	12.0455	3.6431	4.289	4.2818	4.0256	14.8432	6.2603	12.8184	13.5154	10.0143	3.8534	10.734	12.8885	2.6918	2.6107	6.8191	3.8036	3.104	1.475	2.8852	5.0852	4.3674	1.3557	4.5762	4.5016	7.6846	1.0658	6.2983	4.1268	11.7005	4.3862	16.0069	10.2136	5.0131	2.7668	3.7256	3.0177	12.7814	2.7795	11.413	11.3141	12.5205	5.0492	13.1516	12.7877	11.0178	6.1704	15.9936	11.7536	3.4071	3.6671	3.5385	6.1955	11.1514	2.8394	11.8002	12.2496	14.3337	5.5476	9.9534	11.1264
2.2152	4.0633	4.612	3.1538	4.166	4.5606	4.6669	7.4168	8.5935	7.3049	7.5557	8.6639	2.404	5.8409	4.4575	5.1986	4.4128	3.5372	11.2288	3.7036	6.6888	4.2259	6.4092	5.2557	5.7339	4.4193	8.1754	6.5636	3.4602	8.0284	13.3839	11.9797	5.4178	8.4191	11.4209	6.9026	6.7561	7.278	6.1748	7.5329	9.3203	5.9749	15.3871	16.6223	4.8138	8.5944	14.0039	15.5671	1.9194	4.688	4.705	4.1347	4.7723	5.494	6.9227	14.505	8.2803	9.7553	19.6826	15.6528	4.1545	5.5688	23.5905	15.4877
3.8025	4.2162	8.0123	5.0495	2.798	2.3812	3.1688	6.2069	9.3997	8.1591	17.6687	14.2938	6.4377	5.5872	9.1694	6.9473	5.0312	2.9483	13.0915	8.9427	3.0744	1.1024	3.316	5.1954	4.7934	3.2858	9.0254	4.226	5.2707	4.6879	10.9383	6.3176	6.4623	4.0072	15.6056	7.824	13.1045	4.86	7.7511	9.1416	11.7069	11.6742	24.0143	20.7984	10.5224	12.5971	18.7047	11.9213	6.5399	4.1818	13.5378	6.6525	10.8345	4.3508	6.5038	7.6728	7.5268	10.6866	16.443	14.5936	9.0246	6.5419	9.6713	6.258
6.2988	5.8789	7.0401	1.9321	9.4137	1.9802	3.6687	3.225	5.972	4.7214	10.0609	6.9351	3.2079	4.2881	7.669	7.8214	6.6624	3.3849	6.7436	4.3175	1.7909	0.6014	1.8467	3.3797	2.8398	2.1744	6.1426	4.8165	3.9374	3.3859	12.4426	11.3229	6.4894	6.4591	10.6375	8.0416	6.6554	2.4239	4.9409	9.2352	14.0645	9.1444	15.5331	11.8878	4.92	5.6215	17.2548	9.8907	1.9488	1.7028	6.3788	5.2979	2.8873	2.4472	5.474	14.3066	10.7282	7.1956	21.5085	14.4636	3.5094	10.0309	18.3551	16.0296
9.1209	6.42	2.6174	11.172	2.6515	6.7685	5.4845	13.1397	6.544	3.8278	3.3343	3.9042	6.2733	9.7659	6.6086	12.0548	6.4848	4.9367	4.3323	6.0345	4.1945	4.9479	4.1418	12.872	5.1484	5.6168	3.5454	6.4386	9.346	14.0258	13.508	14.0968	6.0632	8.1509	4.4742	7.6712	3.5346	5.8622	2.8178	8.82	5.1712	4.4607	1.7076	5.1303	4.974	9.0169	5.9472	7.0647	7.6776	8.8832	5.014	9.3551	9.4324	11.2924	7.3181	16.6903	9.3887	7.5444	7.3692	10.54	10.0702	14.6384	9.1412	18.0637
10.7974	6.5861	16.9132	6.2838	9.7101	2.729	4.6552	3.4367	19.267	8.6701	15.0969	7.8572	7.5257	3.7755	15.4551	8.0394	11.0374	3.1703	11.9195	5.7868	3.9046	0.6488	1.7527	1.8256	5.1639	2.3172	4.5459	2.5526	5.5938	4.0237	7.7285	8.0907	13.8408	7.5823	15.6195	12.8851	11.8339	1.7572	5.1396	6.0857	16.6162	6.5572	10.6778	6.4209	7.0326	4.1166	8.5337	9.3816	6.2672	3.2014	9.1813	11.1474	6.0027	2.0351	3.0024	11.4144	11.0005	7.2671	12.063	15.0361	8.7708	6.7874	13.2675	12.0666
2.382	2.3733	3.704	6.7474	2.4053	4.445	0.8811	6.6963	5.3031	2.623	9.1532	3.6008	7.0226	7.5583	6.2891	16.3921	1.4296	3.4576	1.2074	8.9398	4.4818	5.471	0.7377	6.1633	0.903	0.8518	1.7289	2.0295	6.7026	8.2086	5.5736	15.7201	5.996	4.2658	6.4098	7.3928	2.3471	4.9153	0.4678	6.6115	8.9601	5.866	8.6026	9.6404	5.3771	3.1091	9.4571	7.4973	5.5361	5.112	5.8857	13.4917	9.5639	6.0485	3.4244	17.6497	8.6917	5.3467	10.0206	7.9809	11.3738	18.8996	9.7269	32.1752
23.6247	7.6533	13.4343	13.9823	5.1074	3.188	3.5894	8.1163	12.1277	4.0847	7.7431	13.0422	9.6736	2.6109	8.169	12.012	7.2476	3.4556	7.0031	2.9705	5.0985	2.9124	2.4173	1.8518	3.2202	1.3694	2.2026	3.5044	10.0515	2.703	3.1145	7.8443	10.2209	3.5014	6.292	5.0698	3.652	1.7023	1.6947	5.7752	3.701	2.6727	5.5855	7.858	9.9907	4.5586	8.6049	13.3013	17.3381	4.4502	11.9306	10.8835	5.053	2.5929	2.1739	7.8629	5.6316	2.8254	10.1113	10.5905	14.6131	5.9957	12.0269	17.9799
8.4583	6.8	9.4047	9.9071	10.0247	6.733	5.9153	8.3989	9.0746	9.698	7.1017	12.327	10.1643	9.1187	11.4923	10.6383	8.3836	10.2572	14.9678	14.547	14.8373	9.6542	6.2671	8.9229	3.7653	7.0637	4.0935	8.6263	6.8368	14.0486	7.8423	7.3425	8.7844	6.467	5.4077	9.5587	10.1746	10.4505	4.4111	9.0605	6.9227	7.2791	3.0671	4.3898	6.0335	8.6577	10.1102	8.4058	9.7418	7.838	8.7136	7.8264	12.7896	12.7192	6.5194	9.981	10.4148	10.6801	7.5796	8.3908	9.31	10.7148	6.658	6.8307
12.7505	6.9852	7.9423	10.9143	7.1235	2.8164	2.9839	8.3557	9.9226	2.9895	5.3583	6.1999	11.8513	5.8529	5.4078	14.6367	5.7717	4.1308	4.0051	8.7744	2.5167	0.8307	1.2015	3.9964	4.155	2.4743	2.5348	6.3868	6.0585	4.7784	8.6501	14.4053	8.1068	5.5529	6.4723	5.365	5.3795	2.3277	2.5126	5.6596	3.9075	3.421	3.4654	7.2759	5.1634	9.6842	6.9968	13.7405	12.1077	5.0219	5.8645	13.1274	9.6081	2.7847	6.7406	15.127	7.409	7.0285	6.3385	14.8545	13.7153	14.894	14.1445	36.0847
18.4503	6.1448	15.0494	10.5867	10.3373	3.3199	3.8702	7.7117	12.3063	7.66	7.086	5.5857	10.9263	4.3227	8.6151	12.6845	9.4101	7.4079	6.1553	9.9678	4.5879	1.1469	1.7473	3.7303	3.0397	1.8935	1.8164	3.0954	5.3768	4.4831	7.5338	10.3579	10.7237	4.8108	7.6793	4.9844	8.1273	2.4137	2.3345	5.7017	6.4875	2.7859	2.622	5.1407	6.0975	5.9286	5.3969	9.7565	12.9657	3.7861	6.1073	9.7674	9.9208	2.7416	2.1657	8.6853	9.8415	6.2969	7.5337	13.0466	10.2237	8.5382	14.6905	21.0619
5.5807	5.5877	8.6457	7.807	7.0768	2.7777	5.2375	10.7209	6.5067	7.3615	7.3995	14.6725	7.2186	6.4322	11.2753	8.7196	6.7156	6.7485	10.43	10.4466	5.5869	3.9575	2.9601	5.5013	4.8507	4.5819	4.4985	6.3305	7.975	4.3159	11.5555	10.3925	6.8712	7.2865	6.3397	7.0847	9.2558	5.9003	5.2571	10.7112	7.7371	7.7156	5.3331	6.1457	8.4019	10.6338	11.8083	8.9826	7.7797	5.4992	9.2689	8.5505	10.1148	5.3219	5.8143	8.4775	7.775	11.1146	9.2224	14.1191	7.3424	8.4966	7.6004	9.7506
2.8472	2.2819	10.1762	3.9225	5.642	1.6146	3.2963	5.7534	8.5434	8.6252	14.2282	11.1702	3.7615	3.9407	8.0281	8.7732	5.3417	3.7647	9.7447	5.5403	1.8504	0.889	1.7153	5.3203	2.5893	2.8731	3.9613	3.2518	6.1359	3.4128	8.1841	10.4058	4.9609	5.9405	10.4404	9.0427	9.542	4.1058	4.6625	10.3542	8.8511	8.32	12.4717	11.2935	6.42	5.0264	10.57	9.3747	6.1276	4.2564	12.9943	6.0056	6.3484	2.6386	3.4337	6.995	10.4112	9.4164	11.8259	6.4036	12.0123	4.6344	12.2579	13.2398
12.064	8.1904	11.3702	12.1054	12.5579	3.8552	4.6919	5.489	12.7457	5.2341	11.3485	12.8456	9.707	9.5922	12.9367	15.6411	11.4517	5.008	10.7264	9.1782	5.6739	1.6402	1.6566	5.3599	6.7623	2.2347	2.7201	3.5714	5.9611	5.8191	5.4122	11.2127	11.7187	7.1472	9.1327	14.1113	6.411	5.6481	2.9299	7.5204	7.7305	6.3999	4.447	8.7657	9.2743	6.1388	10.27	11.0058	8.136	6.268	9.0857	11.6998	9.5834	5.6972	4.5929	11.2103	14.1718	10.7035	7.9526	10.9407	9.9034	12.4735	15.273	18.5585
4.1567	3.9828	6.5212	9.6674	2.1804	4.374	1.342	4.6255	6.9373	2.609	10.909	8.505	8.9977	4.9221	7.8667	17.1826	3.5715	2.199	2.8775	5.1215	1.8373	1.1269	1.138	5.5832	1.1892	0.2335	1.1599	0.9523	5.2508	3.1483	2.9721	8.6028	5.9424	3.3052	9.7593	9.0017	4.5686	1.3559	1.0356	4.1105	12.1605	6.9177	25.7626	10.0103	6.7575	6.2346	5.5752	8.4304	7.6434	3.226	7.1661	14.072	5.2241	3.4158	1.4346	6.913	6.7983	2.039	16.9457	7.3966	10.9948	3.7778	19.2595	40.0482
2.1946	5.0489	4.7361	2.1965	4.4971	10.7879	5.7118	7.4733	4.2254	10.619	6.6028	5.0196	2.0494	4.7714	5.6316	4.2312	7.3812	13.1318	11.7689	8.1697	15.5498	25.0138	15.1119	17.0414	4.3277	17.8515	13.8136	7.1696	4.6226	13.3653	19.7345	7.2683	2.7849	4.6998	6.2466	1.6589	11.8667	21.5305	16.281	12.8463	5.6894	20.2549	19.4099	4.0369	2.0494	10.3273	6.9085	4.5448	2.3294	4.7216	3.915	1.6036	9.2791	14.7187	7.1024	7.5508	5.1214	14.458	12.7663	7.1775	3.3301	8.136	6.2185	2.9823
2.1455	3.2351	10.5873	2.6748	5.179	8.9942	3.8934	4.8566	8.3223	8.2946	14.2762	12.3736	2.5081	4.1372	8.4064	5.9671	5.2939	6.5603	13.8993	8.1923	12.654	11.5021	5.478	7.9825	3.1735	4.1608	6.0696	7.1882	3.1868	7.2884	8.6431	13.2361	8.1074	8.1093	12.805	5.6336	6.5235	4.1391	5.0455	9.1677	11.4984	9.0429	19.2771	13.3039	5.3502	7.3567	16.2855	12.6723	2.9512	3.4562	6.5967	4.472	7.9099	9.3169	6.2881	9.7726	11.7796	6.7905	17.3326	10.5062	5.4281	11.9379	14.5317	13.5759
18.6479	9.4919	14.824	12.136	13.156	3.4844	6.2803	7.0868	20.3273	8.2002	9.0344	11.3175	10.6116	4.9589	12.6842	4.744	9.7035	7.6547	10.9555	7.2844	4.4811	1.8926	2.5873	3.4822	5.2772	3.5528	3.4553	5.1131	5.5238	5.8162	8.4922	4.0594	18.722	7.1569	13.5909	8.1361	9.4769	2.8216	4.5452	6.5354	10.2717	3.9494	3.8665	4.063	7.8017	4.9113	9.4173	5.1249	11.441	4.2109	9.8854	4.3032	8.7604	2.4685	3.7158	5.3105	14.0954	8.1615	6.1926	6.7945	5.817	3.5574	4.7786	1.9751
36.6309	12.9696	11.6973	17.2892	11.8197	4.1939	3.2547	11.652	10.0599	6.1922	6.9341	8.0136	18.6413	5.7083	9.2433	9.7487	16.6197	6.3946	5.3116	8.4438	8.4953	3.109	0.8397	4.1912	2.6542	0.6229	1.2817	1.624	12.3892	3.1186	3.1917	5.5251	7.9157	3.6374	4.9174	7.657	7.4517	3.5745	1.1231	4.3569	4.6405	3.4799	2.3685	4.2214	8.9639	1.8939	3.9691	5.7336	25.3135	7.6849	9.2548	10.949	8.0758	4.6412	0.9543	3.9439	6.2919	4.9177	4.1249	6.653	14.5079	4.3374	3.9731	5.3822
19.0405	18.8332	5.6491	7.7712	26.2433	15.7839	3.1896	10.878	6.4524	10.2818	7.4966	6.5314	7.3256	5.8697	2.3778	3.7442	22.5997	23.1541	7.3964	5.9619	18.1659	13.3709	3.1631	11.3204	2.5416	2.7962	2.582	1.7971	11.5892	6.5844	4.079	5.899	2.7676	3.9775	8.7152	2.5803	6.109	8.8376	1.6122	5.0635	4.1399	2.9024	5.7312	7.3319	5.6349	3.3317	6.9936	4.697	7.5768	10.3202	7.9064	5.2569	7.9691	7.4339	1.4505	2.2127	4.439	4.1702	4.196	4.9446	4.5174	5.1043	3.3982	2.9798
1.4718	5.4338	1.8474	4.856	5.004	7.2038	1.8958	7.7636	2.5124	3.2103	4.2369	6.5491	4.144	6.1872	10.1774	10.2466	3.3222	6.6793	3.5674	4.9864	5.0835	8.1306	2.1564	14.3343	2.0856	2.4219	2.0578	3.3102	5.3294	11.5136	9.9508	13.187	3.6799	2.2068	7.5096	9.5052	2.4705	5.1051	2.1678	5.8112	7.3473	2.3689	8.4163	14.1525	7.0132	2.964	16.6829	15.1701	4.5944	6.577	5.2402	8.3753	6.9844	9.0646	4.2385	11.7908	11.6078	7.9674	18.0789	17.7931	8.525	11.0044	19.6189	15.4139
4.2024	4.0301	9.2576	5.1469	3.421	7.4446	4.4823	9.7205	9.8145	9.0046	14.5328	6.6843	4.8452	6.5731	10.5986	3.9935	3.6903	6.6464	5.8626	4.7624	4.3214	13.0322	7.1077	16.1695	4.2297	6.091	7.4433	4.776	10.7128	21.5348	12.5277	14.4588	10.6255	5.6107	16.4525	9.2743	6.8814	8.5239	6.0423	16.0445	15.3301	11.9739	19.1031	11.6459	9.1028	6.8878	14.3754	6.3784	4.3925	9.3381	9.7873	6.8087	7.9856	12.6671	6.1707	18.2631	11.2279	9.8858	13.9902	10.4465	6.3371	11.416	6.9044	8.4177
18.5185	8.6356	11.8556	10.982	9.6828	8.911	4.9898	11.0296	13.5937	16.17	9.3532	6.2905	12.6744	7.3953	8.3544	3.5337	11.5604	11.7264	11.2365	9.5079	12.3915	15.1144	5.5604	12.0464	4.7849	5.9887	5.0592	5.4947	7.6889	12.3366	11.8331	11.7221	5.8371	7.817	13.4304	6.4009	10.5524	10.6587	5.6092	10.7833	7.2334	6.2927	4.9017	6.9881	5.7877	6.2149	4.9918	8.8144	14.0005	6.7001	9.5061	5.8578	11.0613	10.2345	4.7314	10.624	7.5412	9.731	6.5668	9.0573	9.1021	9.0424	6.2254	12.6239
2.078	2.9383	7.9488	3.4267	4.9508	6.5775	6.7336	6.2275	7.3723	10.1859	10.7675	14.4082	6.0699	7.2277	6.5543	6.3686	3.4144	8.2361	13.6931	6.6428	8.722	11.9645	9.4825	13.2191	5.9884	10.0108	7.6729	10.1818	5.7923	12.9648	13.5646	12.6805	4.9244	5.2431	10.8127	6.0745	8.6684	11.3025	9.1747	11.8228	7.336	9.8214	9.2196	9.4353	9.7471	14.3294	12.0128	12.1591	5.9137	7.6395	9.8616	10.107	9.5158	13.3574	8.7461	13.8948	7.5401	9.9121	8.0873	12.5055	12.4115	10.5381	7.446	17.3153
2.5271	2.0829	5.0911	6.3309	2.1137	2.9181	2.2167	6.6346	5.234	3.6566	13.4976	15.1803	6.6926	8.1983	7.0854	15.6998	3.1997	4.7735	5.3699	7.1442	6.0933	4.1601	3.2454	5.6594	1.8081	1.3498	3.3771	8.2426	4.2825	4.8388	8.2024	13.9835	3.4748	2.6958	14.3327	11.4983	2.0055	2.32	2.5494	7.2839	15.2357	4.173	26.4251	22.6053	11.7808	9.1475	21.0875	24.8062	7.0819	5.5099	12.6149	13.4415	11.0227	10.3761	6.7604	14.1159	7.9764	5.0489	23.4479	19.945	16.0322	21.2437	16.9534	30.4638
1.5658	0.7174	6.3047	2.0467	2.397	2.5892	3.2635	2.8378	8.2835	7.5195	17.9782	12.3744	1.4027	2.3637	7.8878	3.5623	1.4469	2.1948	8.5013	4.1617	2.7063	9.2402	7.5275	16.1643	3.1944	5.8478	9.3565	7.5017	5.4209	13.022	19.3438	12.6728	4.168	4.8193	20.8812	6.4901	7.5756	8.5316	9.3842	14.1372	14.1478	14.9068	30.764	20.977	3.3613	15.2453	24.9048	13.4335	0.8705	3.5131	6.4077	2.3288	3.7603	15.4061	7.9355	17.5767	8.6477	13.1614	23.946	16.0037	2.9275	14.7425	11.7386	11.3188
9.6738	10.8913	11.3027	3.072	8.7326	5.506	12.0849	7.3778	13.4262	8.3776	11.6547	9.6988	4.3138	6.3056	5.1483	4.3203	7.3111	6.3078	11.4217	4.682	4.4281	1.9948	6.0413	4.4832	13.1686	4.5702	9.6514	8.8993	5.8135	7.9266	7.6084	7.8985	13.7732	9.3574	12.8085	6.9029	7.747	3.2837	6.8073	6.5263	9.6336	6.7542	8.2666	9.93	8.9062	10.2431	9.6761	8.7029	4.3673	6.5019	7.0825	5.0986	7.6523	5.1796	9.554	10.2679	9.5383	5.4868	5.8446	8.3786	4.5857	8.3711	7.8582	6.8687
6.3362	2.0727	9.2701	6.0957	2.8449	4.0465	3.4042	5.6497	13.5146	7.2516	12.3945	10.0905	3.3875	4.3219	13.047	8.8614	2.7779	4.0842	7.932	6.1973	6.5709	7.6402	5.2939	7.2497	4.5478	4.1166	6.2108	8.6728	4.7094	5.2193	17.196	9.525	10.7089	4.7322	17.2317	10.4891	5.4114	7.4564	7.8631	11.9103	13.2114	9.7568	12.4995	12.4136	9.2279	12.0483	16.3834	12.2585	3.5526	4.87	9.602	6.1003	5.8038	7.5867	6.0785	10.7568	11.4816	11.7822	19.3937	18.1484	6.4915	9.0937	15.1226	9.6655
5.0915	8.3671	9.4076	4.8247	5.3851	8.6967	8.4941	10.5704	11.7563	10.0027	10.1957	9.7923	3.9881	7.4262	4.8345	3.5714	6.6613	7.4207	13.3893	4.6845	8.1852	14.475	10.7403	11.0439	8.2883	10.1452	8.0253	7.7376	7.1372	15.5395	13.9475	8.4675	10.2849	11.6595	10.2234	6.2387	10.2581	10.4319	9.5014	10.7456	8.3321	8.643	6.3312	8.0654	9.0171	10.2769	8.8663	4.5235	5.9735	7.3485	7.1906	3.0894	8.1979	11.7284	8.2031	12.4507	10.5137	11.9621	6.4814	5.2826	3.2605	6.8742	6.7865	3.6942
10.885	6.7428	7.3091	7.826	6.5288	2.9	4.6418	6.5292	7.5497	6.4474	5.2899	4.924	3.3812	7.2325	7.5926	8.8435	4.4983	4.1621	5.7986	7.8244	4.8562	5.1696	9.6111	8.5444	3.3712	9.2814	6.7816	11.4532	7.5225	9.7376	10.9827	12.3036	8.7274	4.7195	5.5792	4.7333	7.2911	9.5314	8.2877	12.0124	4.7505	8.2498	4.9888	7.261	5.1354	11.221	9.7459	8.4856	8.9604	5.3315	6.8101	5.7167	5.0951	11.3129	9.9432	13.4706	8.4776	13.7979	8.1357	10.1935	9.1103	11.7572	10.4913	19.1379
1.6827	3.3764	6.7508	0.9032	4.8374	6.5552	6.233	2.6183	3.8504	15.4331	11.9866	3.6225	0.5661	4.0903	3.7175	2.296	5.6259	8.5745	13.3666	4.2432	10.0238	16.8945	16.5568	10.172	7.7467	21.7371	20.3605	9.5655	4.7991	10.788	12.6741	6.0306	4.2588	7.7938	10.7909	3.8157	13.522	20.5697	24.9809	16.7383	8.935	26.2375	22.5606	16.5742	3.3476	8.4013	16.611	11.5138	1.6966	2.7211	5.1548	1.7169	4.3442	10.9742	9.8012	3.72	6.8012	11.355	17.8596	8.9886	2.6755	5.5768	11.7705	5.9238
6.1143	7.9837	8.0188	4.1852	6.8982	11.5282	7.203	8.6026	6.6233	9.0686	12.2134	14.2151	4.4004	7.0937	5.2874	4.256	4.8832	11.0989	10.9396	3.9878	10.6856	13.0406	6.2989	13.011	4.2772	8.1878	6.6006	5.2045	5.7313	11.2442	9.9357	10.9123	10.0509	5.9607	12.5827	6.3161	6.0706	8.9554	6.1262	6.383	15.8694	5.3283	17.4368	9.6828	7.652	9.4387	9.643	9.2168	5.0259	9.0686	10.0231	6.0688	10.0433	11.0937	5.0544	10.1806	8.6246	6.3499	12.233	6.5833	10.4649	8.7753	7.9993	6.6955
3.4204	6.1157	10.672	1.376	4.4565	11.5667	10.857	6.3891	9.8183	11.5504	14.9303	3.132	0.8263	2.4301	3.7709	0.4546	4.4025	9.504	10.8569	2.2684	9.1224	40.0471	27.3861	16.0936	11.4302	23.6755	23.46	6.861	3.2362	19.0951	10.0909	4.8243	13.1601	13.5611	16.4943	4.0128	10.1836	23.9846	16.7666	12.2739	20.0842	19.9031	24.0562	6.7358	3.409	7.0938	5.8472	1.363	1.2086	3.7231	3.2408	0.4319	3.5728	15.7067	10.0368	4.2042	5.2921	7.6358	7.969	1.1987	0.6193	3.8549	2.1909	0.4112
25.9508	13.5438	11.7069	22.8609	10.7391	6.825	5.206	11.2165	16.183	7.8711	3.0456	9.2573	17.6358	12.3389	15.7497	14.6568	15.0954	6.1138	7.9867	7.1437	5.546	1.7828	2.4301	6.6865	6.4685	2.4665	1.6987	4.0627	10.1336	6.0339	11.5366	8.977	18.3441	7.8935	7.2166	16.2452	7.0974	2.6004	3.2946	9.0545	6.2389	4.1752	4.4646	5.8467	8.0476	8.1512	7.3481	12.1336	15.2143	7.7944	10.2033	15.2996	13.4303	6.0635	4.9068	11.759	21.0592	7.2492	9.8644	15.8482	12.6748	9.1051	17.4307	15.0863
15.525	9.3619	11.038	10.8231	12.5152	4.0436	6.0727	10.9992	10.4721	10.9097	9.0369	13.7862	9.957	9.6881	11.3215	15.0395	6.3349	4.9387	10.9232	12.8949	4.0915	1.9696	3.0963	3.6905	6.0915	3.3492	5.1612	5.8048	7.4302	5.883	12.9097	10.5443	11.9889	8.6698	13.2071	9.8223	8.8819	2.0986	4.9558	9.9583	7.7718	5.2115	5.385	8.2537	10.0523	7.1373	12.1496	11.7757	10.8139	9.6956	8.9077	12.2537	9.673	4.7556	6.9596	12.216	16.0046	5.8637	9.4568	14.5652	14.4199	10.8759	12.0352	22.8271
5.0194	4.7459	7.7258	4.5305	4.2207	2.6168	3.3774	3.9821	4.5156	8.2821	7.1215	4.812	3.0624	2.0712	6.7468	4.9676	6.6409	3.8567	4.4415	2.2734	5.645	11.0504	3.6712	9.4355	1.7544	2.9261	2.4219	5.898	6.4362	6.3583	6.8113	7.585	6.2864	2.8786	6.5378	4.2505	6.4794	8.9938	3.846	8.0557	7.4898	6.6303	41.6869	8.3786	4.9876	4.0079	10.1906	8.3169	5.9284	3.1228	5.8544	4.1616	2.9143	7.2794	2.0334	5.9359	7.0769	9.2969	12.6112	7.8808	6.4125	4.4271	11.3885	6.3405
7.7246	8.6011	8.7443	7.0108	9.3548	15.2047	9.8581	10.2991	9.3607	8.7552	12.8053	7.12	11.1793	5.9428	8.3441	10.0349	6.1281	15.6681	9.6478	9.1475	10.5604	14.3387	12.2928	11.2821	9.086	8.6088	11.8865	5.8869	8.615	8.9501	10.0838	7.7668	8.7127	6.6918	10.9886	10.2867	10.139	9.3907	8.8129	6.0186	9.4034	12.6239	12.7818	9.1556	8.7291	4.6542	10.5123	4.3802	9.379	12.5007	9.3476	8.7031	8.2031	5.8646	4.7096	6.0737	8.9482	8.793	9.5026	6.5264	11.2174	5.4629	5.6591	10.9479
0.0223	0.3809	0.161	0.0537	0.9675	11.1594	4.2541	2.1276	0.2631	4.8608	5.2851	1.2756	0.1957	1.0267	0.4012	0.3205	0.4622	12.0789	5.2582	1.2777	10.8122	73.3705	28.2269	23.2945	4.1074	26.3743	29.3879	9.2627	2.0233	28.8307	11.3118	5.3535	0.0654	3.8764	7.3433	0.5088	4.7608	20.5873	28.5774	9.6883	6.2319	21.9463	33.3221	7.2744	0.3695	7.2538	7.4862	6.8306	0.068	2.1717	0.6037	0.1041	2.6267	25.2777	7.6376	9.6021	2.3232	9.8484	9.3168	4.0199	0.4303	5.6417	6.5994	2.0197
5.0513	5.4929	7.4163	6.2219	4.1347	7.4985	4.4372	4.1695	8.0219	5.0025	10.9049	11.3746	4.4398	7.6175	4.7376	6.6789	6.0805	4.1756	10.8522	5.6376	8.1101	13.5023	7.6273	13.7229	3.529	4.8366	9.9058	9.0962	6.0386	19.5799	10.8376	11.3663	5.907	5.4534	10.6115	5.3276	5.9707	6.1984	5.4054	8.052	7.6383	9.9591	14.9983	13.9306	5.7599	16.4267	11.2698	13.5352	4.5853	4.9099	6.3879	4.8455	8.6748	15.9572	9.871	22.7207	4.8118	5.6904	10.7093	12.337	5.4594	16.6765	6.619	14.8669
5.6378	9.3602	8.162	5.2733	7.9397	7.7562	5.4245	12.0522	4.9116	9.0645	9.0005	8.0663	5.4937	6.1328	7.8134	3.9666	10.2296	8.8096	7.65	7.7856	12.3189	9.0879	5.5712	10.5628	5.026	4.5182	6.0953	4.1111	8.6694	11.8674	10.6869	7.7114	9.757	8.144	10.0288	6.287	8.8434	8.2823	3.6518	7.4795	12.0311	7.8848	14.6941	12.8873	4.609	5.3413	15.16	7.8364	6.2857	6.948	5.0026	4.1158	7.5026	9.744	2.7357	7.8748	11.4419	6.5623	17.194	7.7221	5.3978	5.3741	8.4061	3.0019
22.3906	16.146	15.441	9.3553	19.299	6.4494	6.7633	8.6654	13.9488	9.5874	11.3454	9.3346	8.17	7.6222	10.1588	6.9208	12.8921	7.1695	12.7129	11.4297	6.2258	4.8615	3.4475	5.8167	6.2816	3.8458	6.1118	4.0385	8.1022	5.0569	8.8477	8.0632	14.9591	10.7888	10.341	6.867	11.2791	3.7035	4.8673	9.0111	13.0924	5.9248	7.197	3.9743	7.0689	6.8769	8.2773	6.833	10.9089	5.1592	7.3974	5.2797	6.6828	5.2457	5.9191	6.4437	10.1745	9.7661	6.0054	11.7901	5.5881	5.2355	11.0056	9.5004
12.1493	5.7114	16.7058	4.2777	5.0841	10.0739	7.4066	5.2974	19.1268	8.2712	21.4232	5.0949	1.9591	7.0696	4.0392	5.0078	6.0554	8.0984	9.3918	7.1146	10.4428	17.9143	10.436	10.7696	7.5224	7.8638	7.4866	4.195	5.8977	10.7384	8.5167	11.3953	17.8366	6.4182	23.8409	3.8064	7.0061	7.9803	4.9042	9.7203	19.728	7.2244	15.784	6.3589	4.582	6.8603	3.8797	5.2982	3.1032	6.9327	3.9211	2.0564	8.5219	13.5086	5.0145	11.3187	6.2754	5.6956	4.4586	3.4272	4.082	13.0955	4.6404	19.8479
3.0628	5.8927	7.0872	4.0124	1.9334	8.6764	5.402	7.1917	7.2151	9.0967	11.1582	2.7646	1.9127	5.9524	3.4278	3.7844	5.0446	6.2401	6.677	3.2086	5.7981	23.8662	24.6036	21.1213	12.1744	16.4611	16.8711	11.8223	5.696	18.8476	16.9039	13.3487	8.7774	9.212	11.2491	6.5056	9.5456	18.3929	15.425	12.3946	11.6426	15.6876	9.5224	6.074	3.363	12.9038	8.6751	6.7447	3.2047	2.1236	5.4222	1.5188	3.9034	21.0549	14.2908	11.8973	4.7723	14.2432	8.4057	10.3032	1.3158	13.2254	9.5342	5.76
3.2101	2.5058	8.8548	0.4079	2.702	7.4104	4.3657	1.6922	7.8392	5.4019	16.2145	2.3686	0.479	1.3845	0.9165	0.057	6.2444	9.5103	8.266	1.3211	11.6464	30.1069	7.4475	11.8236	4.4956	6.7371	6.9613	2.8032	2.9369	12.9206	2.5647	2.6309	4.4684	2.2222	16.2614	0.911	5.1818	9.203	6.3863	4.2088	11.747	6.1617	20.0189	1.8193	1.2223	4.4545	1.9078	0.248	1.4292	1.9584	1.6028	0.2	5.8418	10.5155	3.4579	1.878	1.1761	2.1578	1.8567	0.2436	0.5132	2.4648	0.1182	0.1963
9.444	5.0197	7.1107	8.8215	6.5846	5.402	2.3787	5.24	5.2835	6.4848	10.2207	7.0828	6.7399	7.4777	6.382	9.5387	8.3443	6.0158	9.0238	9.4986	9.3814	8.1325	3.3868	9.1647	2.7537	3.7042	4.5821	3.4269	5.7671	5.9574	7.2312	7.2144	7.1752	4.1789	7.3594	8.4519	7.5425	8.9134	3.1881	6.5196	10.9774	9.7551	11.5869	6.1643	4.8782	4.9036	7.5283	5.7267	6.7331	4.8199	5.469	6.473	10.101	7.4581	5.3471	5.9857	7.112	5.7518	11.3806	5.4904	6.4786	10.5014	5.4828	10.2003
4.9062	5.4636	10.7224	1.6931	7.8442	8.4916	9.0776	6.2745	9.648	20.3976	14.6953	4.9781	1.6663	4.5473	4.2111	1.3111	11.2034	11.6719	19.3786	3.47	14.5677	12.9882	13.5445	10.5506	7.6938	13.9122	16.6321	5.886	1.9433	8.1903	12.4897	8.5385	5.0241	9.8284	14.0727	4.493	18.2468	20.5339	18.303	9.9366	11.6761	22.5686	17.7286	6.3367	4.7054	6.4632	10.1494	2.6877	1.4456	2.7984	3.0812	1.95	4.4737	9.3468	5.3414	4.3023	3.9841	10.7362	11.2355	6.9205	0.9505	4.8106	6.796	4.6173
7.3802	4.2521	7.8755	8.7061	4.9579	3.6524	1.5681	6.5257	6.9895	3.5164	3.174	5.9573	10.4622	4.4251	9.4171	9.2482	3.5638	3.3971	3.2968	6.2594	3.5948	1.8784	0.8572	4.2508	1.8756	1.5846	1.1592	0.9476	7.2959	2.7732	4.6462	8.22	8.6618	4.2149	3.6317	6.1619	3.5811	2.7524	1.2615	5.5789	5.344	2.4474	1.9421	1.9338	7.0082	1.1853	3.1813	3.8198	8.6469	5.4249	6.2941	12.7905	4.3577	2.4533	1.8047	5.0647	7.6135	5.9274	4.8195	5.1054	8.7221	6.3938	5.9879	9.5018
3.267	1.8994	6.3021	6.2348	3.8973	2.3501	1.1833	4.7647	5.7945	3.1129	6.3601	6.77	7.7491	5.989	7.9194	6.4	3.559	4.9829	5.3825	6.877	5.7181	2.2241	1.5848	4.9042	1.8707	2.3293	0.9808	1.5287	5.8055	4.6711	2.4765	7.6561	4.815	1.2111	4.2892	5.2631	3.1076	2.7162	0.5994	3.5038	3.7115	1.5215	3.7814	6.5109	3.0753	1.1396	8.8037	8.4902	5.8083	3.3513	5.1956	9.5892	5.5893	3.6716	1.2761	6.9453	3.8162	1.7478	7.1351	8.4999	7.3038	5.6291	6.7844	12.023
4.1402	5.5551	4.9111	3.5551	7.7989	4.1575	2.8792	4.007	2.5974	4.6718	2.5459	7.6066	2.1258	4.5065	5.0899	7.6792	7.4922	7.1591	6.6993	6.6134	9.1039	8.4697	6.3011	5.7455	2.6895	5.3318	4.7553	7.0502	4.3104	4.8646	8.2108	5.8197	3.4612	3.4908	2.9819	5.4177	5.0129	9.7986	5.5225	6.7443	4.2414	7.3954	5.317	8.7809	4.7676	10.9463	11.2246	14.2199	3.3525	2.8494	2.7998	4.6668	8.1047	6.8148	4.1383	7.3996	5.8815	7.3721	8.8133	16.9064	4.5498	7.4506	13.6913	18.128
2.0632	3.283	2.3453	4.5126	3.0678	1.9465	2.3531	5.8133	1.0994	2.3074	5.9571	7.1733	4.2046	4.2307	4.9184	5.5319	2.6668	1.9606	1.2051	2.6505	1.549	7.8612	7.3079	8.2018	2.723	7.0302	5.8756	4.5937	5.432	8.068	10.9403	8.6359	3.2173	1.3532	5.7974	3.9925	1.0273	9.2447	5.4261	7.733	4.8473	8.0607	12.7891	14.9666	8.8444	5.5655	13.4392	12.4413	4.3118	4.6043	6.2709	7.4509	2.8958	7.0056	4.7861	10.1115	5.7086	9.053	16.3514	12.7726	4.2359	7.7586	14.8778	13.2991
4.4919	6.5251	2.3966	4.1682	4.0488	5.0219	1.0152	6.0025	4.0517	2.081	9.0226	8.1033	6.3516	3.8731	4.463	3.9118	4.5642	3.1824	5.8218	3.1612	4.2995	9.0017	4.4144	8.6677	4.969	1.6416	2.979	2.4349	5.1744	6.8467	4.4836	3.4403	4.1221	1.3243	7.432	6.4441	3.9671	5.6585	2.736	2.8243	5.1681	3.5874	11.6659	14.5273	6.6267	4.6855	14.5944	11.2996	4.2841	5.2255	5.9777	4.6209	4.9349	8.4041	3.8208	4.0839	5.4888	6.3061	7.7989	11.1309	2.982	7.0591	8.0799	5.5965
11.9879	6.3448	8.7607	6.219	5.9892	4.4019	3.7945	5.0203	10.5105	8.7192	4.4156	6.8607	8.1399	4.5642	5.2625	2.3879	5.9741	3.4073	5.3408	3.2245	4.4814	3.0599	5.2292	5.2409	4.9889	2.4468	1.7525	6.5076	6.3497	7.6869	4.7973	9.353	8.2514	5.3637	7.9225	5.2726	4.5793	7.7682	3.7828	7.2636	3.8899	5.8555	2.4155	4.6568	7.6641	5.6623	4.1395	7.5835	7.8644	4.5497	7.6509	6.379	5.55	3.2969	2.6021	11.1866	6.265	4.2718	3.7922	6.509	5.7379	6.4833	6.7382	11.241
8.011	7.4242	4.7163	13.5311	6.7407	7.6872	3.865	6.9145	6.4511	1.456	5.5215	6.6933	10.8812	8.0533	10.1431	15.0412	5.2815	4.325	2.2082	6.0695	2.9568	3.836	4.5704	6.7121	4.4467	3.0446	1.8314	6.1651	6.0144	6.8793	8.5392	8.2379	10.0122	5.1804	4.2473	11.8804	3.5154	1.9867	1.4044	4.4152	7.9142	1.5396	4.2879	5.8063	12.1534	7.6021	8.1567	10.094	10.7006	7.5688	8.755	12.1689	7.6939	5.9147	5.4854	11.136	11.1098	4.3299	7.4898	18.4795	11.1228	8.653	14.2127	15.5051
3.7142	4.2827	2.8183	7.5156	6.5967	6.0655	3.5434	3.8962	5.8328	1.5511	3.4593	4.2792	9.1408	4.0622	5.0846	8.7944	4.2656	4.1688	4.348	6.2083	5.0092	3.1958	2.8973	3.6617	5.2966	0.9364	1.7768	3.2103	4.0675	1.512	4.3983	2.7163	7.0932	3.4426	1.9152	7.4035	2.4356	1.8691	1.0682	1.0933	5.4489	1.4032	3.6237	3.5286	5.4845	4.0228	4.8345	3.1858	4.6247	6.9025	6.0471	6.3379	4.9508	3.2846	3.6228	3.8284	5.1932	2.5646	5.6687	7.4773	4.4976	4.8174	6.5651	4.5693
3.0213	4.0355	5.9897	3.4627	2.901	5.7274	4.0453	6.5191	4.6767	9.3134	3.4465	9.8905	2.7627	4.1562	5.4369	4.9887	4.4003	3.5317	9.031	4.4545	6.4022	11.3879	8.0709	10.3454	4.4343	8.7225	4.6941	5.3334	5.8023	8.4538	14.3646	6.9771	5.1065	4.9808	5.7464	4.1806	7.2134	11.2637	6.3342	10.7239	3.5042	7.4952	2.5775	3.5927	4.8198	6.2646	6.3475	7.968	3.8931	3.7376	5.6617	4.541	4.6394	9.0281	5.1357	7.6857	7.1471	12.5104	6.7732	6.4049	4.2927	8.4705	7.1524	5.777
5.5558	2.4446	4.5185	12.2306	3.4766	4.1369	2.4611	5.2985	8.9122	2.6852	4.8262	6.3314	8.2759	5.9794	9.3009	13.7642	5.0261	3.0984	4.263	5.3641	3.6142	3.4289	1.6235	4.6627	3.4381	0.8398	2.4237	3.0923	6.2844	1.6938	6.4058	7.2295	6.0931	3.2165	5.5034	10.5381	3.3263	0.9411	1.1084	2.1176	6.0211	1.1389	4.604	5.8382	5.7915	3.9041	5.3387	9.3155	8.1046	3.034	9.0185	9.2054	6.4185	1.7018	3.8736	7.5855	10.5968	2.806	9.1199	9.2535	9.3302	7.9851	12.7603	18.1957
2.228	2.0865	3.2837	4.2967	4.7553	4.0748	3.6077	4.7576	4.0829	3.3655	6.9202	5.8307	3.3134	5.2546	6.8447	8.7718	2.3777	4.9093	5.0371	5.4837	3.4504	1.9332	3.661	5.1243	3.5569	2.4472	3.8696	6.2934	5.2078	5.8774	7.714	8.956	2.7191	3.2938	4.5626	6.1413	3.187	2.0782	2.3495	4.5644	4.761	2.5038	7.5802	6.4758	5.3197	5.8618	7.4234	12.4672	4.5338	5.3203	8.5091	5.553	5.8058	5.292	6.3837	11.7794	8.4539	3.8259	7.8524	12.6578	9.6773	10.0535	12.0017	18.1111
2.3764	1.7155	3.3946	5.1737	3.6444	2.0143	2.037	4.3242	3.017	3.4274	4.0352	6.3208	3.8829	5.8049	5.9111	11.2708	2.0786	3.7981	3.8323	8.2102	3.5878	0.8416	1.0806	3.4111	2.074	1.2154	2.2593	3.5369	5.2896	2.7513	7.5469	10.7719	3.9254	2.1956	3.9849	5.1693	3.0191	1.1461	1.4929	5.2813	3.6055	2.7222	2.6273	6.6926	5.4115	3.6057	6.0937	11.2938	4.6837	4.2234	8.5545	8.4213	7.2475	4.2489	3.3722	9.8691	7.6749	3.4098	8.5234	10.0702	12.1261	11.2918	10.714	21.8623
4.0328	9.1518	6.9186	5.7739	6.9942	4.799	5.7103	10.0455	10.1311	8.5626	8.3756	4.0094	5.3358	6.2314	8.4831	6.0336	6.692	5.5885	6.4004	8.7128	5.7605	3.0115	3.4416	8.6236	6.4325	4.5756	4.8631	3.8745	7.1592	9.0798	14.5178	8.5157	10.1944	8.1901	13.6055	6.5385	9.4703	5.5531	4.8988	11.0557	10.699	6.1961	6.7016	2.8243	4.8284	4.1909	5.2818	3.9334	5.2674	5.7443	5.2381	5.8591	5.5845	7.1887	5.9974	10.4869	11.5181	11.6817	6.7389	7.7228	4.5531	7.7323	7.3507	6.235
0.6977	1.8594	1.6296	3.859	2.6421	2.3611	3.5406	2.4064	1.5131	2.177	1.72	5.4849	3.6826	5.3705	6.5544	7.2854	3.9526	4.7144	4.5365	8.6308	3.0917	1.1776	2.2582	2.4581	1.9273	2.2457	3.2737	3.461	2.3454	3.133	7.691	4.2623	1.9451	1.9885	2.3457	5.3986	9.4881	1.7293	2.1703	4.3755	2.5407	3.5912	1.8426	4.5815	4.3863	5.4004	9.295	8.8162	1.7475	3.4978	4.0433	5.184	7.2614	4.4343	4.092	5.6473	5.6577	9.7922	6.3626	12.9709	4.2426	8.0585	9.3219	7.4258
11.9529	8.8649	6.2018	5.9022	10.8368	7.2054	3.1256	6.1867	6.6744	5.8086	4.7437	10.2143	7.94	4.8114	3.3202	4.5233	8.3325	8.9126	7.2883	4.0128	7.8095	3.0005	2.026	1.2439	2.9684	1.434	1.8397	2.6914	8.0003	1.9457	2.8793	2.0555	4.8582	3.0184	3.458	4.7118	4.2279	1.6065	2.1023	4.553	2.8026	1.8222	1.5186	4.2318	9.6092	3.305	4.7403	6.3337	10.0195	7.779	9.3637	6.1501	5.5207	2.2727	1.5245	4.0664	4.2056	3.4025	2.1201	5.8414	7.2	2.6055	4.1414	3.4581
8.7423	8.2142	5.0725	5.1378	8.6196	4.7772	2.3209	6.0671	2.8758	4.7764	5.1599	4.9444	5.2765	5.9733	4.0829	5.2321	9.8591	8.7261	3.5752	4.8205	6.7837	3.704	1.4747	2.8907	2.4593	2.3836	3.9514	4.0768	5.5561	5.9599	5.7905	3.0441	3.5171	3.4176	3.0951	5.0992	6.261	3.0881	4.6412	6.3993	3.8895	5.41	4.7575	7.9509	8.0348	3.5049	11.6065	7.6125	6.763	4.9284	7.424	5.5144	6.7704	4.2204	4.0186	4.1548	6.7702	8.0389	6.6889	10.239	5.7717	2.6682	8.5437	5.4717
5.6306	4.2644	8.763	7.7306	5.5041	2.1948	3.1434	5.5393	8.5141	9.4772	5.5488	11.5778	6.5017	6.2247	6.6065	9.9961	6.0475	3.5116	8.2774	6.1582	3.9986	2.0509	2.2597	3.8679	3.3374	2.8295	3.1978	5.0811	6.1899	2.5155	10.2491	6.917	7.8637	3.7206	7.8145	7.9142	8.6108	3.2017	3.8768	8.8833	6.0383	3.894	3.8907	8.8391	9.7864	4.7612	12.7137	12.5984	6.9414	4.7309	9.9939	8.8108	4.6233	2.37	3.5603	7.6035	9.3787	8.3067	9.7245	15.8999	7.9422	4.8344	14.8234	11.368
1.7268	3.5663	1.842	1.7871	7.8105	4.3876	2.8658	3.9847	2.9966	6.8483	4.007	6.1873	2.8341	3.0377	8.4278	5.6424	3.8381	8.5456	4.4153	4.252	5.9	3.9636	1.6192	4.8966	3.4	3.9135	3.4108	4.0397	5.4865	6.2304	7.8155	6.3006	2.4056	5.2628	7.1961	6.0389	7.8526	5.3407	6.2437	8.7581	5.2012	7.9215	6.9128	8.8008	7.405	3.3273	15.6889	10.7841	3.244	3.9536	6.5519	7.8646	3.88	4.3602	2.5152	5.4585	9.4135	9.7932	13.1311	16.3626	6.2351	4.1443	14.0248	7.8242
2.5055	5.0586	6.1483	4.6405	5.4426	5.9837	3.3666	8.8364	6.7591	8.3346	9.7793	9.6009	3.7058	6.2121	8.081	5.9366	5.2503	8.1745	10.6214	6.7826	6.4108	7.4955	3.9066	7.2358	3.6788	5.8252	3.6353	4.4942	7.4928	9.5372	10.7992	6.6616	5.9146	4.6261	7.4244	6.7393	11.2257	4.7075	6.1766	11.9744	6.0196	8.6397	10.2347	10.1379	6.185	6.5817	15.8061	8.4737	4.0532	7.1747	7.7914	5.528	8.5043	7.4976	4.8433	6.9745	6.7432	13.8597	9.6949	11.8811	7.0013	6.4224	7.7735	5.2993
0.4894	2.0898	1.3749	0.8245	3.6513	6.4622	3.656	5.6737	3.2167	8.5903	5.3468	4.3052	0.6867	2.2819	2.4508	2.1497	1.8648	7.9594	7.723	2.6769	6.6487	9.2004	4.47	8.5616	2.5894	6.8347	6.565	5.1526	2.1307	8.0211	9.8481	6.7583	1.1391	4.5785	4.9026	2.0261	7.4785	9.2456	7.7712	7.5091	3.624	10.1031	9.5918	8.8438	4.1043	4.9492	9.9872	7.764	0.3603	3.2292	4.6489	1.2029	2.3568	4.96	5.6413	5.8862	2.1698	8.2045	10.402	7.7995	2.4092	5.2727	8.0184	4.2932
0.2586	0.6437	1.5889	2.1939	2.6397	0.9978	2.0245	2.917	0.9128	1.513	3.9047	5.748	0.9507	2.7348	7.0423	6.9993	1.9654	3.179	4.0433	3.2612	1.551	3.023	5.0464	4.9019	1.5673	3.8562	5.0791	6.7536	3.3817	4.2741	9.1251	9.6705	0.6255	1.2276	3.0681	6.1927	3.168	3.4829	3.4152	5.6063	3.3702	3.123	4.5641	9.3841	4.433	6.6842	11.1132	15.716	1.6408	3.2627	3.7383	6.5599	4.2783	6.2098	6.7592	9.498	5.4503	7.2226	9.8692	17.5651	5.2849	11.0878	16.8315	16.547
4.8468	3.0834	6.3345	6.2854	4.2306	3.1168	3.3436	5.7263	3.9119	7.3755	5.9174	5.2402	4.3664	5.3375	9.1682	10.1378	5.3976	5.0491	4.6842	11.1252	5.8942	3.3257	5.9765	6.6811	4.0909	6.1575	5.3263	6.0806	4.1228	8.4195	13.1903	11.0087	6.7225	3.9604	5.7592	6.3162	8.4826	6.7598	6.7362	12.6997	6.1426	9.3952	6.7075	5.0567	4.9537	7.0616	10.8435	6.9168	3.1901	3.7099	5.3721	4.6563	5.1181	6.8786	5.4776	11.3375	8.2886	14.9734	10.7511	13.9327	3.1247	8.8646	15.997	15.7595
5.9654	3.3781	8.2722	8.3634	5.8385	3.7766	4.7061	3.5779	4.7404	7.5837	8.4934	3.3267	6.6239	3.6323	7.5301	5.4123	6.9343	4.744	5.6194	4.7987	4.9081	4.1098	5.6549	7.7999	3.9977	3.964	6.1856	5.7067	4.2774	9.2066	4.9415	7.0694	5.0777	4.0831	3.8741	4.9491	5.2113	6.3985	6.3195	6.4881	4.5153	7.1417	6.4249	4.804	4.2261	4.706	5.3003	4.4324	8.2272	4.601	4.9366	5.016	6.2334	6.7525	4.0199	7.0081	4.8684	4.5686	4.184	5.3036	7.6687	5.9288	3.5971	5.063
0.4057	2.4643	1.8053	1.0123	2.4353	4.4441	4.2305	4.2034	3.2007	4.0263	8.133	4.4098	1.2887	1.3223	2.464	1.6036	1.436	3.1384	5.9453	1.5308	3.3915	3.7656	3.8821	7.576	3.3508	3.3713	6.3351	4.2819	4.2245	2.9086	9.8702	5.135	1.3988	6.3081	8.6923	2.5141	3.0733	5.5861	5.2454	4.7882	6.0772	7.0114	9.8252	9.6843	3.05	7.8205	7.4068	4.4823	2.4317	3.7486	3.9204	1.8198	2.9666	4.3917	3.998	4.1942	6.3829	4.0881	10.3175	3.9815	3.3087	2.8219	5.3182	2.8641
10.5574	8.2433	8.0595	9.3049	7.0163	6.7653	6.0383	5.5133	6.6334	10.7696	4.7726	6.1104	4.0979	6.422	10.9612	7.3489	7.776	6.3236	6.5938	6.4651	8.3209	6.9416	4.7075	6.1206	3.8397	6.9965	3.291	4.3459	5.1134	4.5948	10.5411	6.9721	9.2942	5.1507	5.4	8.7266	7.5453	7.2578	5.4073	10.8411	7.7912	4.3451	3.5667	6.921	6.7092	5.892	8.3947	6.8301	5.7542	4.8838	5.4094	3.9116	6.863	7.2461	3.7991	4.579	9.5545	9.7685	10.8806	10.3012	4.284	6.0787	10.7998	6.2179
2.1019	1.9698	5.8074	2.4606	2.3708	1.4442	3.0534	6.4762	4.4964	3.107	7.2326	5.0858	4.0136	2.766	4.0708	3.8866	1.7386	3.4554	4.9108	3.6355	3.9498	2.4695	1.6694	6.8569	2.4304	1.9053	2.7496	2.4078	5.503	6.0091	4.3097	12.748	4.8063	4.291	6.0252	3.5814	1.8389	1.6421	2.2887	3.6107	6.6367	1.5272	5.3203	3.3864	4.0168	1.0584	6.6528	3.5829	4.2409	3.5763	6.2983	5.3483	5.2631	6.2172	2.5785	6.9018	6.2029	2.8518	5.9852	5.3881	6.3027	9.3819	6.9759	10.7078
1.0771	1.8673	2.4129	4.2753	1.3316	1.5967	3.7602	4.8176	2.5232	3.5476	3.1539	3.7733	5.3667	5.3069	7.7423	5.2199	1.8989	2.1453	2.8676	5.8025	2.7736	1.3435	3.0422	4.5044	2.8786	3.4562	4.5915	3.9806	5.6097	4.4364	9.0518	5.442	2.4817	3.2467	4.1166	7.7489	5.3885	5.3437	3.8583	5.4352	4.7066	6.8125	3.9906	4.8419	4.8746	4.0508	6.5071	4.5573	4.4926	5.4138	5.095	6.0127	2.9358	2.438	3.323	8.6308	7.7492	5.9237	8.6507	6.432	5.5052	3.7904	5.9389	4.1565
1.2756	2.4692	2.5286	5.2185	3.7254	3.6337	4.8483	5.0399	4.4803	3.5805	2.7933	4.8155	4.1813	7.8425	10.2612	5.6755	2.5509	4.8644	4.6811	6.6173	5.7038	3.6134	4.6392	3.9001	3.4541	3.8349	4.0726	5.5888	5.681	5.2827	10.7227	5.7981	2.3417	4.2166	3.9369	9.3405	3.9691	3.87	2.7443	5.4301	4.7638	3.4909	2.0435	6.2649	6.7572	9.0304	5.7221	6.9892	5.3906	6.8846	5.375	6.7172	5.5414	6.4729	4.9949	10.4371	6.7875	7.4765	8.0034	11.2441	7.5742	5.6356	5.8255	5.4862
0.553	3.8718	1.6737	0.8467	6.4222	11.5308	6.5602	6.9601	2.5971	9.655	5.3732	3.5006	0.4863	4.1118	3.0153	1.5845	2.8526	15.9992	12.2616	4.1256	13.4185	21.3524	16.7653	10.1586	8.833	18.2448	14.6158	8.4653	2.5548	11.3248	14.4288	3.6186	3.4105	12.0321	5.0645	3.388	11.4689	17.364	15.5783	9.7825	8.2594	15.5378	9.992	5.3117	2.3514	9.2624	8.6334	3.9001	0.8147	2.4327	2.2175	0.7551	4.4835	11.7802	7.6501	4.742	5.2098	11.4772	7.1961	6.4581	0.8617	3.9057	4.3462	1.3413
3.1345	5.2393	2.2093	3.3474	2.7345	6.2589	6.5126	3.315	2.3245	4.8793	5.2082	4.6135	1.0663	4.835	3.4523	4.876	7.9728	7.3236	6.1898	4.912	12.7087	25.9236	24.2651	7.8497	9.4616	22.565	17.8999	9.2305	2.3116	12.1459	9.7208	3.9905	1.6521	4.4866	8.5218	4.4963	6.5603	21.8454	15.0862	8.0935	3.5165	14.7569	13.1459	5.3853	1.7403	12.5156	5.7699	4.8006	1.2966	1.9853	1.9028	1.5438	4.7683	12.2386	11.5852	7.8774	4.0516	8.0865	7.4593	4.9964	1.702	6.0988	5.8761	2.4515
2.966	4.4477	3.1368	6.3762	4.9743	3.9773	7.3065	6.3954	3.9956	5.0818	5.7746	5.517	1.8537	5.5604	7.3785	9.1167	7.4645	6.3418	6.236	7.3046	8.2067	3.8891	7.3912	3.7091	7.077	7.1844	8.7596	5.0341	2.5794	6.3698	10.2814	6.6922	4.1153	5.3811	6.5439	6.9697	7.4159	8.6315	7.4024	8.3577	5.0458	10.4984	8.9012	6.92	3.7366	8.3948	10.2581	5.8585	1.9765	4.1891	3.4218	2.3974	5.9287	6.6233	7.9614	6.6137	6.9711	9.3199	11.4538	10.7939	3.4985	6.8842	11.2304	4.611
2.0241	3.8583	1.6095	0.4073	3.0659	6.0651	5.0671	2.278	1.2041	4.83	2.5482	1.8147	0.223	0.3852	0.8007	1.0418	4.1991	6.5472	3.2966	0.8025	6.2592	13.6363	11.2171	5.1748	7.2312	11.5628	8.6538	6.8758	1.5328	5.0022	5.2518	2.8511	1.2701	5.7297	5.4771	0.9759	3.6524	7.3308	8.2146	5.0645	2.6511	6.6286	3.5515	3.4903	0.73	3.4621	5.524	7.4776	0.3516	0.6762	0.998	0.2546	1.1304	2.5461	7.8032	2.365	2.6668	4.071	3.9176	5.3776	0.1306	5.4959	5.6405	7.2654
13.4901	3.7408	12.342	7.4737	6.1295	1.4681	2.27	3.0545	6.1238	6.6145	8.792	7.7192	7.8787	2.4613	8.056	4.2823	8.9816	3.2369	5.4124	6.0817	5.1827	2.4313	1.6037	5.2096	2.3666	2.2626	2.0367	1.9417	4.3518	3.1632	6.2744	3.761	8.0701	2.598	7.1483	5.4078	8.3826	5.3657	2.2262	4.3582	8.1457	5.1428	4.3688	6.811	7.6882	2.7192	9.8348	6.3987	9.4045	3.7489	6.9182	3.8415	4.4496	1.8236	1.3963	1.9084	8.6287	6.3187	9.6318	9.9445	4.086	1.4038	9.4809	4.7541
6.0347	3.1319	6.8527	9.9027	3.2579	3.474	3.9949	4.7365	5.9298	6.2648	6.0171	8.6669	7.5546	5.7104	8.5501	10.942	5.067	2.9383	6.4432	4.4087	3.8239	1.6578	2.5256	4.658	4.5625	2.9888	3.7488	6.7339	6.2386	3.8892	7.8587	4.8374	7.5241	3.337	4.8856	6.7805	7.4317	3.2832	6.2865	6.9808	4.3717	5.9286	3.8818	6.9526	10.0167	4.9949	8.9703	7.3596	9.1909	5.4439	7.694	9.4791	5.6644	4.0124	4.6601	6.3022	9.8671	9.1424	7.8503	8.7139	8.5201	5.3675	9.6833	4.8343
17.4816	5.8137	3.1172	16.7371	7.9054	3.5602	3.0207	4.5311	4.7446	4.1414	4.8119	5.6521	15.9462	3.5418	7.9961	14.3448	5.9478	5.5257	5.3813	7.1542	5.336	1.8918	1.4928	3.4454	3.3492	1.8552	1.7937	4.6787	5.9322	3.6949	5.0849	7.5944	7.988	2.2454	3.1388	5.3703	4.7099	1.6357	3.9537	6.5372	6.0936	2.4123	3.4622	3.9417	8.1764	2.8112	7.7748	5.6744	13.2071	5.0111	7.9321	12.2279	4.5507	4.3812	2.7819	5.806	7.4192	7.9426	7.0638	10.7664	10.3412	6.6333	11.7626	10.492
3.6723	3.2107	3.8421	6.6774	8.1233	1.8583	2.1434	4.792	4.4629	4.5598	1.797	4.1149	6.0545	6.0878	5.6353	8.5027	5.1339	4.2336	5.4355	8.8857	2.5803	0.7773	1.0368	2.018	3.1385	1.8364	0.9167	2.5072	5.6298	3.805	4.6834	3.8703	3.7674	2.6286	1.9192	4.3838	5.4721	1.8375	2.4338	4.4344	1.734	1.4301	0.3918	2.3365	4.5823	3.5527	1.755	4.1039	4.5363	6.4537	5.1184	6.3915	7.5214	1.9481	2.5266	5.6994	2.733	6.2252	2.6313	4.9855	6.4862	4.6649	4.7685	7.762
4.5615	1.9509	5.853	7.317	3.7538	0.9993	2.4528	5.0236	6.2294	5.4818	7.9877	10.8478	7.2269	5.047	10.1561	6.8239	4.1638	3.0963	8.2242	6.4089	1.1389	0.3832	1.2528	1.5682	2.843	1.6639	3.0259	2.8476	4.8154	2.6638	6.0975	4.8921	4.5948	3.8063	7.2626	7.7341	9.2704	1.9192	3.2174	7.2287	4.9233	5.3932	6.0462	6.8556	8.4525	5.8044	12.7977	5.9297	5.2951	5.5018	9.0243	7.5444	6.9989	1.4921	3.4938	4.9844	8.6978	9.6929	6.0366	10.6052	6.5766	3.9078	6.802	3.9121
5.7668	5.8504	7.566	5.6284	7.2604	4.6392	4.8993	11.2825	6.7803	10.7265	5.7238	11.9084	8.3023	6.5091	7.6462	6.3694	4.9779	6.1912	8.9534	7.6465	6.4314	2.0542	2.5589	4.4521	4.1869	3.4049	2.2436	3.7734	10.263	5.7998	8.4063	8.0383	5.3919	7.1038	7.0492	6.989	9.779	5.5574	3.5932	9.781	4.8405	4.1594	3.7783	6.9367	12.578	5.2388	14.6256	7.1182	9.2779	10.0443	13.6127	8.6476	6.0223	4.4308	4.2603	7.3079	10.0202	10.6066	5.8271	13.1649	10.2852	5.2795	7.1726	4.6458
4.6316	2.6275	10.2022	6.0064	2.58	2.546	1.5139	5.3554	9.1238	5.7419	5.346	12.2872	7.6703	6.3501	6.3063	4.8676	4.0006	2.4762	5.648	6.7773	2.9248	3.4813	2.0181	6.743	2.5098	3.0353	2.0872	4.288	9.8535	6.8512	8.0842	9.439	7.1094	3.1659	5.7293	6.8507	8.0276	4.1784	3.4442	9.3867	4.1037	4.0728	2.0756	5.6422	7.2115	6.312	9.8959	10.088	8.1918	4.343	11.8223	7.2575	5.4145	4.7684	4.0916	11.5911	7.419	11.7756	5.4496	10.8204	7.3877	7.9483	9.1716	14.0971
10.8334	3.8099	8.4388	9.1476	4.7298	1.5696	2.167	5.1111	7.3343	3.8709	4.2921	8.987	6.2706	4.2783	10.0747	6.5657	8.8607	3.4909	4.629	4.7887	1.7928	2.5826	1.6738	5.7107	1.7657	1.6056	1.2814	2.669	5.2741	3.2344	6.85	5.1101	6.6951	2.1816	4.0392	6.0436	8.3444	5.6075	2.0605	4.5471	1.9344	4.8811	2.58	4.1664	4.8248	3.5206	8.4124	9.3657	5.8672	3.3195	7.0295	7.0923	6.0367	1.4857	1.5949	4.8596	7.0997	10.2435	6.0392	10.5116	6.8883	4.2358	9.9424	9.4131
6.4518	4.95	2.5311	7.7084	3.3088	2.0473	3.8608	7.1153	2.2145	2.7691	3.8172	6.4768	6.2313	7.0884	8.6593	8.8468	6.3683	4.4486	5.1194	6.8592	4.1899	1.0885	2.0439	2.8379	2.6711	2.3781	3.1633	5.4941	4.8111	2.8015	11.1655	5.238	3.5008	3.0587	2.3255	4.5235	7.3183	1.5135	2.4637	5.2797	1.8988	1.7489	4.1649	10.3512	6.0694	4.5729	11.7	11.9418	5.2836	3.013	4.8427	10.9452	5.9808	4.4571	4.1928	7.0008	6.4879	9.4326	10.7105	13.8122	6.7457	6.9125	12.1495	12.8507
1.8095	3.7645	3.3948	4.5376	6.0937	4.415	4.4574	7.961	4.3433	5.3264	3.9017	5.8419	4.8547	6.5156	9.6859	8.087	3.5705	4.8353	6.9811	6.8831	3.1554	1.6895	2.74	4.4806	5.1257	3.1007	4.5682	5.0476	4.1894	4.3088	10.4915	8.6475	4.3399	7.314	4.4103	9.7672	5.9358	2.2667	4.2372	7.7301	4.7147	5.3085	4.1383	6.6186	7.2352	7.5783	7.3433	8.9403	3.665	6.7443	4.657	8.8833	6.7503	2.851	6.271	7.1633	11.5949	6.2219	8.4195	14.0941	7.2227	5.6489	11.8112	9.6632
3.8545	4.5666	1.3445	4.5856	6.058	4.6091	3.3738	3.3358	2.5302	2.9399	3.7588	3.391	3.5709	6.3783	5.7723	5.9522	6.3522	6.612	4.899	5.2594	5.9928	3.0986	3.0224	2.9301	3.0596	3.2553	8.6423	3.8232	1.6699	2.6946	6.7021	1.4799	2.1704	5.0505	4.0533	9.2686	3.549	4.8298	4.951	3.4529	8.5998	4.873	15.303	10.9941	3.0007	6.5244	6.6434	6.6901	2.3434	3.2906	1.9346	2.7212	7.5053	6.2954	3.6797	2.7614	5.6878	5.5722	9.2569	4.0916	2.5378	5.8621	5.6442	3.7338
8.4229	7.8549	3.387	6.7847	8.9404	4.9659	2.4557	5.2484	1.2205	3.8597	2.5912	5.1486	5.84	4.4593	4.7319	4.4817	10.5186	7.5667	2.0342	6.9676	7.5701	2.3295	0.4073	2.6297	0.7439	1.6923	1.0851	1.4199	4.7862	1.8548	2.6545	2.3127	2.4415	2.3049	3.0807	2.6619	3.3826	2.1675	0.8943	3.5097	3.7187	1.4528	3.7684	6.1008	3.4037	3.7003	10.0434	6.4326	6.3537	4.4312	2.7937	4.1256	7.6235	3.6635	0.4619	1.4743	4.2939	2.8996	5.8652	10.2026	4.3053	3.7455	4.9791	4.9251
4.0875	4.9575	2.6917	7.2163	6.3058	4.5558	5.3768	8.6663	2.272	3.8224	2.2522	3.1082	6.2303	4.1236	5.0336	8.2143	4.2853	5.1714	2.0824	5.3345	2.7917	1.6249	3.5991	3.5709	3.6109	5.6086	4.0806	5.915	4.863	4.2427	4.5594	6.8365	3.839	5.502	2.9217	3.6676	4.2056	2.7406	6.0568	4.2915	3.0424	2.8979	1.9934	4.6111	7.2397	3.8272	4.2797	2.1387	5.9762	8.3419	3.6433	7.13	4.8397	2.817	4.8656	4.0346	6.6408	5.4686	5.0425	4.8979	6.2429	4.5829	6.485	8.0959
7.9917	1.6373	6.6423	7.6872	4.449	2.9148	4.9248	2.4093	3.7083	3.108	3.1475	7.7305	6.8346	2.6091	4.8345	6.2745	5.8346	3.801	4.4334	2.2744	3.769	1.1555	2.4005	0.9619	3.7722	2.9577	3.1478	4.0343	2.1576	1.9545	0.9383	0.8007	4.1299	2.0701	3.896	2.7664	3.0201	1.6551	3.5885	0.9395	2.2652	1.712	1.3919	3.5914	7.0624	3.413	4.5806	3.4227	6.1471	6.4411	4.5847	5.9099	5.1031	2.4258	2.9074	1.4649	3.3047	1.423	2.1459	4.0894	5.5141	2.8683	3.8229	3.4749
2.2285	2.7594	7.5335	1.8509	2.6109	2.8547	3.5099	4.4844	7.7809	5.3107	12.5978	8.6697	2.7905	2.1305	4.3741	1.4015	2.2689	4.1103	6.8139	2.7964	2.6566	3.5132	4.1243	5.4348	3.7795	2.5726	4.0872	4.2148	4.1763	6.5732	4.7867	4.8993	5.8236	3.8403	12.5041	4.254	5.4731	5.0021	4.4763	4.7646	8.2486	9.1054	18.1102	6.8684	6.0363	6.6384	6.8698	3.4193	3.7226	3.294	5.8206	1.8115	3.8658	5.6511	2.1445	7.4911	5.6756	2.6699	4.9142	2.7269	2.0467	5.1972	1.3314	3.3617
3.5952	4.3726	5.478	4.6936	5.2965	3.5226	6.2742	7.8295	4.5635	8.4897	4.8916	5.7513	6.0605	5.1301	4.347	7.4018	5.6095	5.7171	8.2831	5.3299	3.2435	2.5811	5.3373	5.0169	6.0877	6.4524	5.4349	3.7594	7.4719	6.0158	7.5728	8.5274	3.4148	4.2438	6.1554	4.5619	9.7378	3.1836	6.2914	7.9669	2.7628	3.8972	2.32	2.2526	5.8753	4.3658	3.7382	4.3828	5.769	8.7533	6.1627	8.3209	6.7828	4.2787	4.4784	6.1637	5.6318	8.5214	1.9721	6.2133	9.0205	5.6363	6.0211	8.5215
1.3656	5.2679	2.6831	1.5613	4.3929	4.8038	5.7828	3.9649	2.678	4.2455	4.1788	4.6649	1.7908	2.3416	4.0251	3.154	2.078	3.0399	4.8392	3.4851	2.2377	3.1474	4.5849	2.185	3.7668	4.6221	5.6496	5.4614	2.5692	2.7873	5.1127	4.2263	4.6005	5.5534	5.5002	3.757	4.0567	6.1801	4.4098	4.6834	7.5315	6.9809	6.4928	5.7915	4.6794	5.948	6.049	5.3928	2.5939	4.8072	2.6933	2.4826	2.1892	2.4963	4.8717	3.6976	3.4447	3.7933	6.9543	6.0289	3.5503	3.6686	5.524	5.0777
0.8086	3.2284	1.494	1.2627	3.1756	8.6216	7.6058	5.5992	2.5695	7.3268	2.4617	4.8658	1.3635	3.5035	2.006	1.4038	2.1637	10.1192	8.4053	3.0737	7.4873	17.2627	16.1898	10.6151	4.8655	21.6826	10.6355	4.9152	5.5618	9.6502	8.8392	6.9698	1.0645	6.6551	3.136	1.7547	7.399	23.0814	13.4225	9.8603	2.3705	16.9832	6.3928	2.3291	3.7085	5.9751	2.5613	2.4616	2.7634	4.9873	3.8634	2.2344	5.3322	7.055	5.0057	5.3515	1.6105	7.7992	3.9359	2.6867	3.2164	4.4466	3.1749	1.5248
3.2263	3.0094	4.1914	4.9767	1.3484	0.7671	7.879	2.9365	4.2079	1.6347	4.413	5.4631	6.76	3.379	4.6313	7.3675	0.8994	0.5934	1.6295	1.231	0.2941	0.0913	1.2381	0.5486	3.9437	2.0068	7.6476	6.9417	2.8419	1.3707	4.2702	5.7403	4.8668	3.608	5.4126	8.1651	1.2013	0.2179	3.8664	2.8416	7.3477	1.4851	7.4239	9.8478	8.9661	3.9954	8.6906	10.0398	6.6361	5.8822	6.723	7.9328	1.8209	0.4856	7.1846	4.9449	7.1723	3.116	9.6203	9.2509	8.7936	4.7613	10.7882	8.8824
0.3477	2.1993	1.1536	0.4412	1.7542	1.9697	4.8091	1.8593	2.3393	4.0759	4.8668	5.422	1.3787	2.0853	2.2196	2.232	0.6052	2.3812	5.2151	1.8624	2.2561	2.9717	4.79	4.5234	2.8119	5.7609	8.9166	6.0313	2.8497	4.2767	7.9258	2.9776	1.9531	4.7989	7.2862	2.0898	2.8866	6.0995	8.7813	6.9971	7.4863	10.2475	9.1744	5.3878	5.5428	5.7122	11.2463	5.2986	2.4444	3.6301	3.2203	3.183	3.1857	3.5348	5.2913	4.7316	4.4462	5.1083	9.1303	7.7789	3.0961	4.5751	4.6769	2.7797
1.7625	3.584	3.2523	0.6189	5.8808	5.8739	6.395	2.1438	4.5709	2.3464	7.3179	5.5434	1.7029	1.572	4.0692	2.4576	2.2629	4.5134	9.3606	3.6801	6.6085	3.1628	4.972	4.7434	3.5039	2.8196	5.7734	5.6511	4.5897	3.2356	5.9005	4.0278	3.5094	5.0779	4.0708	1.4498	2.718	2.9027	2.8881	3.1875	4.3901	2.1828	3.5931	8.5556	7.2591	6.1218	4.525	9.4397	2.5151	7.9529	5.9054	3.8721	4.984	4.4994	3.5038	5.3545	2.4976	4.2111	4.6841	7.0779	6.4941	6.7084	3.0884	6.9295
9.3865	5.7729	7.5752	3.1792	6.4774	3.8139	2.6594	7.0257	6.3112	4.5881	5.4227	6.1257	5.8787	1.4016	5.4375	2.782	5.1882	4.6363	4.4713	4.2942	4.2731	1.7774	1.4267	3.8545	1.4389	0.5723	2.488	1.1066	7.6687	1.3455	3.9932	4.0886	3.3846	2.049	4.9073	3.475	3.2142	1.2851	0.7424	1.7862	3.8271	0.9217	5.4984	6.9767	4.4455	2.6483	5.3121	6.4973	6.2206	4.3296	6.4574	5.11	2.1391	2.5491	0.714	3.8508	3.0928	0.9411	5.1451	5.644	4.5512	3.9254	3.5969	7.5383
8.2391	8.1154	5.876	3.6969	9.2462	10.388	2.801	11.2137	5.1706	5.7894	4.9248	9.3507	6.236	5.6528	5.9359	4.4748	6.0606	13.2129	7.6326	8.0781	12.1755	11.0897	6.0785	8.6914	3.859	5.093	3.3818	6.8935	8.553	11.9321	10.9776	10.8903	5.9429	7.1629	2.9829	3.2636	6.7538	7.9092	4.5376	9.3542	4.7378	5.6823	3.945	7.7416	6.5841	11.8147	11.0608	9.1384	5.6659	6.9564	8.7371	7.2972	8.1685	10.6687	4.3978	12.6234	5.7321	10.2814	7.3657	12.9181	7.9192	8.2958	7.9903	11.7713
1.1661	1.5042	2.7014	1.2474	1.5461	1.186	2.0099	3.4746	4.0921	5.0516	5.6251	6.4073	2.1055	3.0673	4.983	2.1037	0.6571	2.1938	6.0688	3.4058	1.1668	0.6907	2.1825	3.0669	2.5408	2.1418	4.2003	3.6398	2.6876	4.535	10.1949	3.0301	3.4496	3.0456	8.6811	5.1922	5.6871	2.2165	3.9809	6.2455	5.6466	4.5724	6.7202	7.2903	4.5195	6.0146	9.1978	4.2448	1.5348	1.7726	5.2341	2.4621	3.9378	1.4099	3.8012	6.0931	7.884	6.578	8.9578	6.4299	1.8864	2.1201	5.3937	1.8954
2.562	2.2402	3.2025	5.653	1.1421	2.0839	3.3097	4.6868	3.8596	1.9222	4.5836	5.044	3.1971	5.7333	6.2482	6.0821	2.47	2.881	5.4673	3.506	4.5383	3.6132	4.0025	5.2383	4.36	2.4717	3.9439	4.6925	4.2447	3.9178	7.2427	6.2485	5.3666	3.2392	4.1922	8.847	2.1958	1.7517	2.0356	3.729	7.5311	2.3325	4.6108	5.1938	2.9593	6.4314	3.9907	6.914	3.3366	2.4198	4.0135	3.3777	5.4097	7.7937	5.2437	6.3072	6.7366	2.7435	7.2905	5.3615	3.488	7.5341	6.9508	6.3304
3.8142	4.0689	2.5111	8.5831	3.4751	2.4798	2.9177	5.4479	4.7889	4.1148	1.6909	5.2954	6.0911	6.9535	6.3305	8.1228	3.1061	2.1211	5.3218	4.8669	2.0759	0.4583	1.5471	2.8482	3.4146	1.4217	1.6311	3.313	3.7027	3.1079	6.4407	4.1464	6.7255	3.9676	2.6893	5.4219	1.7539	1.1206	1.5939	4.2414	2.6832	0.6545	1.4091	3.4667	4.9114	4.0349	2.8621	6.4212	4.9165	3.5421	3.7749	8.4806	8.132	3.133	3.6714	6.3684	7.2982	2.1675	3.1041	6.2705	6.1466	8.2619	3.269	5.0023
2.7546	6.268	3.4079	5.4934	4.4421	6.8527	5.9543	10.3298	8.5046	8.0118	6.3342	5.2966	5.0339	6.3823	5.6506	5.311	3.2401	6.1316	7.5648	6.0252	6.6688	7.0715	8.0169	8.6191	5.3652	8.8634	7.9859	6.5524	9.1705	8.8755	16.3494	6.5001	7.7545	10.1986	8.5333	6.6056	6.7631	11.552	8.6722	14.3546	6.6675	11.8949	5.8137	6.936	4.7075	6.6053	9.8883	5.9103	3.7828	5.9992	7.5118	4.785	5.7679	6.4772	5.4709	8.1764	9.595	11.9484	10.1217	7.8711	3.4536	6.8247	6.9852	3.6463
6.2077	5.7434	7.5435	6.8238	7.615	4.0199	3.8746	9.701	10.474	6.3848	5.5136	12.1772	5.7606	5.0294	7.0052	6.9086	4.882	5.6623	7.3062	5.3701	3.7671	2.2409	3.6585	4.0128	4.8632	2.7252	2.8886	4.9215	6.665	6.3633	9.5041	8.5069	8.0262	7.7815	8.7971	6.7136	5.3304	3.5966	3.4661	7.0784	3.3664	4.4273	3.0509	6.9386	5.7703	8.3052	8.8036	9.5701	6.8196	4.756	8.6881	5.0231	5.7413	3.3897	4.1164	9.7015	12.2314	6.5086	7.5936	9.7832	7.111	5.6238	11.9744	11.4176
0.1528	2.458	1.7176	0.6699	2.2461	6.2371	3.6905	3.9986	1.5873	2.8215	5.4659	2.6509	1.5584	0.8994	2.4202	0.9455	2.5452	5.6361	5.7999	2.1996	6.6542	11.4565	5.9462	12.0334	2.8791	4.5703	5.8731	4.4061	3.663	8.0796	10.7188	5.1683	1.342	3.1604	3.7223	2.2039	2.2739	6.1098	4.3521	4.6478	4.5626	3.5724	10.5939	3.8173	4.2549	4.8917	6.0801	1.3891	1.2261	4.8634	3.8664	1.0182	4.6965	7.067	2.8886	3.8814	2.454	6.0278	6.497	5.896	1.7895	3.5534	2.7084	1.1485
1.4603	1.9652	2.5887	3.9095	2.9217	2.5405	1.4298	4.7684	1.5971	2.0592	3.8166	3.816	4.6124	2.0736	5.3341	5.8082	1.5811	2.3629	2.2247	3.4785	1.7238	2.439	1.6429	6.5768	1.8557	1.3004	0.5439	2.3417	7.087	5.6972	7.061	5.403	1.8011	3.4445	2.3598	3.9943	2.8042	3.5108	1.1312	5.0305	1.0663	2.996	4.5742	6.0073	4.3962	3.2841	5.9592	9.1929	6.6946	4.9541	6.8593	6.3269	2.8803	3.9715	1.8616	6.1029	6.8339	6.1553	5.6745	9.6042	8.7855	4.1141	9.2516	8.0619
15.0906	12.9751	2.3674	7.121	6.6382	9.1531	5.1524	6.0539	2.4491	3.089	1.6865	5.1652	9.6759	6.0081	3.7791	6.6122	6.309	4.6106	3.5865	5.8146	3.3579	2.7919	3.9265	4.7836	3.5034	2.9017	4.0894	6.1536	6.8862	3.7146	5.3888	5.1112	6.0674	4.594	2.5751	6.4644	2.5745	1.8603	2.247	5.8028	4.6107	1.4074	2.7107	7.0305	7.1188	5.2348	8.5298	9.8534	11.1052	8.183	4.004	6.9275	8.3753	3.555	5.2542	4.5396	9.1898	4.5472	4.4648	8.7485	7.43	7.0821	8.3311	5.6392
4.4699	8.5949	3.2297	3.1878	7.2189	9.7585	5.6639	5.3061	3.6292	4.3565	7.2974	6.1955	2.3692	4.2404	4.6652	3.5108	6.7648	6.24	7.4774	5.0494	5.9355	5.567	8.8107	5.2653	6.1946	3.9242	8.3115	6.2243	2.6785	3.573	7.5843	2.6163	6.0164	9.9682	7.2818	4.4069	6.7378	7.3716	5.8061	4.4256	11.7147	9.0036	14.9023	8.4849	3.3436	3.5751	11.8117	7.3216	1.9281	3.3955	2.5565	1.8268	4.6108	2.7098	4.916	1.8213	8.1898	5.3142	14.0112	4.7166	1.8564	2.6886	9.0628	3.2538
10.8974	9.3204	3.3429	8.4674	8.4174	5.641	3.5541	8.7151	3.4476	3.5995	2.3376	1.8223	5.6773	7.1274	9.5232	5.9216	14.2443	8.4007	2.3648	8.2814	7.749	2.8781	1.9927	3.6228	2.7316	2.8734	5.5355	2.7304	3.8351	5.9829	7.9034	3.7304	7.8586	3.6729	2.1794	5.2308	9.0746	4.4661	3.6487	4.2926	4.1284	5.7423	6.6615	7.3399	4.3081	4.9124	6.9803	5.3882	5.7656	4.7761	2.8971	5.7612	10.5918	3.4601	4.8253	4.6783	9.5414	9.227	8.8162	8.9459	4.1804	4.8521	8.9594	5.1087
2.9974	4.3806	2.0763	6.6143	5.708	5.599	4.1211	3.8255	4.0255	4.5548	5.557	2.1147	3.7265	2.9868	5.1782	8.4183	3.0256	5.8597	4.629	5.0582	4.0212	4.243	5.9151	0.9302	2.7252	1.5814	8.7505	3.0034	0.9647	0.7631	3.1216	2.8524	4.0421	5.1791	7.7114	3.8458	4.2526	4.772	3.4122	0.8063	9.7328	5.3526	16.1918	8.7109	2.7047	3.313	10.3454	5.6906	2.7549	2.0752	2.4468	3.4494	3.0192	0.6433	3.4561	2.9276	4.6504	2.1493	9.8153	10.7011	2.8358	3.3143	9.8566	5.496
2.612	5.4783	4.7508	5.3221	4.6101	6.7359	4.6738	6.9872	6.1876	2.7391	5.785	4.1613	3.6604	2.6347	8.5018	5.1324	4.6458	4.8264	3.8523	5.535	4.6527	2.7891	5.9319	3.1539	2.9197	1.2919	6.1387	4.9638	4.9304	2.9652	4.5118	5.2362	5.1021	6.6185	4.91	3.91	4.1274	3.8349	3.1137	3.0188	5.6007	4.325	5.1145	10.1001	7.8253	3.1471	5.606	4.5026	5.4867	3.6849	6.3536	4.453	4.789	2.4982	1.9759	3.2433	5.8585	5.7944	8.9052	4.5534	3.7487	3.7274	7.6451	6.4962
5.0812	4.809	4.7649	3.3396	4.5882	3.5609	4.9209	4.5552	4.3678	8.8859	3.5558	3.9869	1.4397	5.5917	2.5699	5.2565	7.4114	5.8996	7.8552	4.8016	7.6826	5.3067	3.9598	5.353	4.0681	5.3689	4.6348	5.5082	1.5385	5.6185	6.6947	5.3861	3.942	4.4368	3.3481	5.0994	8.2601	4.5284	5.1407	7.0403	5.2766	4.6283	2.9239	3.0034	1.3405	7.1434	3.1434	6.6994	1.0642	1.2637	1.5854	1.6507	4.8266	10.2352	5.0551	5.987	1.9407	5.2837	2.2989	6.9241	1.2458	9.5976	4.9972	5.6466
1.8575	2.7142	3.4349	5.2233	6.133	4.9642	2.7227	5.3953	3.4629	5.2443	5.4764	5.9256	5.2918	5.5448	4.9287	7.0919	4.8351	7.0672	8.9168	7.4441	7.2395	5.1331	3.975	9.4226	3.3008	5.2929	3.4936	5.3185	5.5523	13.2916	8.0856	9.937	3.4101	5.6417	2.9996	4.3806	7.0011	6.7257	3.3485	7.3035	2.3284	5.9316	2.3947	5.1078	5.6121	6.7053	3.673	5.1318	3.1599	5.4948	4.537	6.1644	7.541	10.9813	4.4132	13.879	6.8503	7.306	3.3565	4.5129	3.4294	13.2435	4.7707	9.8878
6.8928	9.9904	4.2053	3.8165	10.6142	7.8394	4.8522	6.6321	4.4179	3.5601	5.1208	10.2511	4.3765	4.3604	7.1369	6.8731	7.4596	8.7305	3.7103	6.8155	5.0588	3.1523	3.8754	5.919	5.078	3.395	4.3919	5.2042	4.0472	4.4459	9.6548	7.8768	6.0532	5.8453	7.5759	6.9078	4.0229	4.8922	5.0678	8.7203	5.6518	7.592	8.1938	9.6271	7.3744	4.8513	10.2605	14.5048	4.4621	5.1447	7.0219	5.6889	6.9253	2.7888	3.5785	6.408	10.1462	7.627	11.5367	12.7143	5.8098	9.0169	12.571	10.6897
5.832	6.9084	4.2115	3.6253	5.3284	2.7046	3.888	5.6038	4.9402	3.8598	3.4598	9.7707	3.3651	5.5804	6.8629	7.4493	5.7553	2.4679	3.8744	4.419	2.2172	0.7768	1.6266	2.0965	3.377	2.5259	3.0727	3.5115	2.7214	3.0683	8.1551	4.4001	6.1288	4.0089	5.9402	8.3146	4.5053	2.1925	2.6906	5.4703	5.3852	3.5909	4.6183	8.538	6.9864	4.5118	10.1677	15.4887	3.0388	4.3543	6.4535	6.8684	4.8939	1.5934	4.2006	4.8138	10.2827	4.6987	10.3054	14.9575	7.9901	4.7389	14.6332	13.251
0.7254	3.4373	1.7376	1.9669	4.6085	5.5756	4.0551	8.4891	1.778	3.321	2.8911	5.6961	2.3765	5.0544	3.803	7.9118	2.1148	7.7358	3.9739	4.7974	4.7251	5.1837	3.0176	9.8809	4.6166	3.4462	3.5279	4.3978	3.7052	9.0315	7.7637	12.4545	1.7618	5.8229	2.0764	6.0031	3.4068	4.5498	2.1434	3.9863	4.0672	2.5042	3.8118	8.1469	4.0549	5.4304	7.6005	12.0062	1.5149	4.0485	5.1157	5.8596	6.2754	7.5334	6.5007	10.7925	5.0632	4.5592	8.0341	11.2282	6.8383	11.8624	12.0414	14.6275
1.7927	4.0036	5.9889	4.7673	6.4008	4.9827	5.0307	8.0416	8.2993	9.4922	8.7203	8.7503	3.1197	6.2671	7.2712	5.414	5.2792	5.1036	12.3878	6.3283	6.7963	8.7902	8.3405	7.7991	5.184	8.7873	5.4485	9.0466	5.0244	8.2443	10.8398	6.6748	5.7229	9.2635	8.7779	6.3766	10.5173	10.5029	7.4715	7.9677	8.7954	9.4476	6.67	5.3643	7.608	9.4414	7.7056	8.7507	4.0512	6.4529	8.3936	4.109	8.5309	8.4198	8.3199	6.7299	7.5536	10.1854	8.8444	9.615	6.1408	7.6663	7.3781	3.5795
3.8181	3.9719	3.6936	6.9602	6.6496	5.2944	3.3705	3.656	4.4374	4.4225	3.2101	7.7694	4.2789	2.5207	6.0347	7.0511	4.9281	5.0406	6.5097	5.1158	4.1581	3.021	4.5041	3.1529	1.9599	3.477	3.6352	4.2693	4.1888	2.9103	6.1944	4.2716	4.7163	6.3926	3.107	3.8082	5.0852	4.4211	3.3578	3.5887	3.183	3.6777	1.604	5.2616	5.6341	5.7497	6.4534	9.3999	5.1914	4.9753	7.2635	3.9943	5.6334	3.281	3.1328	5.5069	8.4243	4.7873	5.1337	8.5326	7.341	6.1909	7.5369	6.0133
5.5213	1.3454	9.8104	3.9754	1.7062	1.5326	2.4962	3.6808	7.539	3.9864	11.7457	2.7949	5.7335	3.1549	5.0042	2.822	3.2211	1.2622	2.564	2.7978	1.6236	2.4826	1.366	6.6367	2.9982	1.2161	1.9442	2.3435	4.1083	4.1573	5.6131	7.0115	9.0297	4.9723	10.1714	4.324	4.3087	2.5533	3.3684	4.6648	10.9262	5.5896	9.3734	2.9342	2.5342	3.4282	2.2999	2.9582	3.3972	1.7464	4.1586	5.6318	4.33	5.2684	1.547	5.5411	7.0178	3.7502	5.5798	3.3873	3.3172	5.938	4.1248	4.7434
3.4609	1.5642	7.5589	0.318	4.2691	5.5144	3.7066	5.3223	6.1468	6.5622	13.4527	4.2754	1.153	3.0194	2.9066	1.729	4.8272	4.7271	9.4467	3.3267	3.6825	5.7386	5.0556	15.7657	4.1624	5.6688	6.5131	4.6539	6.9415	12.2508	16.335	14.1745	4.4834	7.6313	9.5066	2.3943	9.552	9.5661	6.9764	13.1691	8.04	14.4274	15.275	7.823	3.4645	8.9703	9.5509	4.9587	1.2454	5.1147	4.9921	2.901	6.5233	9.1237	4.8633	12.6205	7.9788	12.1237	10.1564	9.3916	3.3877	8.6115	9.7656	8.0803
1.3706	2.4753	3.3323	2.0819	3.3896	3.8434	3.2559	2.1282	4.2938	3.1409	4.506	5.848	2.3804	3.5833	3.9558	4.4639	3.5985	4.8292	7.0104	4.9866	6.5202	3.5254	4.7757	4.5955	3.0841	1.8206	4.3674	4.0561	3.1988	7.7733	4.1225	8.8569	2.8628	2.2733	6.7876	3.7397	2.7241	2.9158	1.6245	3.8654	5.619	1.805	3.188	2.9773	2.9856	6.0797	5.0336	4.1436	2.1429	3.2682	4.1658	3.6895	8.473	7.6816	4.3392	8.8241	4.4602	4.4004	4.0424	5.2211	5.0361	10.0796	4.9043	6.5862
9.1569	4.4681	7.7416	3.3516	5.4018	3.4774	6.3232	5.6942	7.0775	5.6579	5.5784	4.1751	4.2965	1.9817	3.2672	2.9895	5.8302	4.6789	4.3996	2.3	2.7269	2.5675	4.446	4.7037	5.6707	2.338	6.9535	5.901	4.4574	3.8157	6.1141	7.6848	5.4061	6.1723	8.9119	2.9033	4.4967	3.4765	4.8947	5.5893	5.6545	4.546	7.7507	8.6274	5.9276	4.1708	6.5165	7.6065	5.1288	5.5184	5.1183	3.9891	4.796	4.2226	5.1524	4.3221	7.1667	5.9581	9.4017	5.5943	5.0596	5.6125	11.7713	7.4426
4.4032	9.3704	5.3554	3.1957	14.9414	10.7908	6.4836	6.2931	8.437	8.9946	5.7987	6.2914	2.2153	5.333	5.4757	3.3631	7.706	14.1273	14.5588	7.2979	8.0134	8.7648	6.9952	10.563	6.7977	9.8414	5.0323	5.6121	5.9739	8.3924	12.7349	5.8916	7.1413	9.9966	7.0652	3.7863	12.9092	9.6942	8.0346	9.9002	6.3416	9.4506	4.3001	4.7235	4.9662	9.7518	7.8606	5.8023	3.4476	6.8878	3.1208	2.7038	8.4419	6.9631	5.0993	8.409	6.1748	10.1294	6.1711	11.1134	2.9689	5.367	6.8198	4.184
10.8279	8.7673	7.4489	7.6399	7.5934	5.8115	6.7574	6.004	8.791	7.7596	6.2596	6.8749	5.0213	5.5982	11.4913	8.1605	4.4961	6.7375	6.4514	7.2371	5.8869	2.7253	3.9706	3.582	6.3094	5.3069	3.7649	7.1999	6.0591	4.9671	6.6011	8.203	11.2365	5.6417	10.2369	9.9143	6.7525	3.5907	6.5063	8.1184	9.169	3.8674	4.4978	8.0376	7.5985	8.357	9.5086	10.8906	8.1977	5.9437	4.9124	4.8661	7.6351	4.8354	5.4116	9.122	10.6417	8.2366	9.6389	11.692	5.9067	9.8053	11.167	12.53
5.9992	9.0023	7.7423	4.1351	6.5159	7.4394	9.3631	4.9675	5.966	6.8953	5.6975	5.5993	1.9107	5.2961	8.0613	3.4451	4.1339	5.2393	5.972	6.2301	4.9075	5.598	8.7781	8.0055	7.2994	9.3114	11.1466	6.2554	3.8566	10.6329	9.1777	11.2659	12.0417	8.5068	6.9707	5.8424	6.8792	6.9143	9.15	10.6117	11.3823	7.549	9.4689	8.662	3.7236	8.3473	9.159	9.3896	4.3366	3.9996	2.6245	1.9071	5.2193	8.298	6.5996	12.0085	7.3616	8.9513	10.0217	9.5124	4.2806	9.3858	10.0287	9.7905
3.1197	4.1034	5.2298	4.1991	5.7055	6.0224	4.9886	5.7954	3.6196	4.9814	5.15	11.5725	4.8998	7.1536	7.8535	6.3234	5.6904	6.0509	8.9781	8.5373	6.5707	5.8377	6.1777	7.3495	2.8249	4.915	4.8453	8.8457	5.3019	8.2243	11.9225	7.0591	3.3566	6.1109	6.8397	6.1321	6.8703	7.0475	4.3492	9.6717	5.6794	6.8294	5.1678	9.2557	9.2972	9.6028	16.3545	11.1402	4.9594	6.69	6.5073	7.7423	11.2222	6.6823	5.9755	9.1837	10.2512	10.4581	11.4156	16.6798	7.3902	6.1945	11.6092	8.2561
2.6712	5.2578	5.3854	5.1756	6.761	5.1235	5.7311	5.276	4.6544	8.6366	8.9202	7.3166	3.6356	5.9173	5.3752	6.0864	8.902	8.6976	10.0864	7.2919	12.4239	11.5475	5.1427	6.5036	2.8726	7.4833	4.4894	5.9928	3.0888	8.2872	8.423	2.9492	3.4641	4.8426	8.2596	4.6669	9.8547	9.889	5.5019	7.2143	5.3132	10.2868	9.9557	7.2109	4.0586	6.4028	11.7128	5.2778	2.6672	2.5649	5.0662	3.654	5.9698	8.9532	3.5079	3.508	9.321	7.7561	9.8715	7.0794	3.5117	1.9802	8.8042	6.9209
3.1236	5.0238	3.4678	5.0298	3.0642	3.6989	4.1401	5.07	4.3044	2.2049	4.3754	6.7581	4.2251	2.3725	5.9287	5.2028	2.0045	2.7046	1.3479	3.0487	5.1352	4.1039	1.6868	2.7756	3.3874	2.2794	2.8488	4.4556	3.1369	6.4098	5.5743	6.5113	6.9079	4.3214	6.9174	4.1765	2.1932	3.2807	3.3042	4.4244	7.7029	3.6483	4.8154	5.2117	5.965	4.802	3.389	7.8821	5.1987	4.6485	5.5835	5.2871	2.9791	5.6248	2.4973	6.9669	6.0152	5.573	7.8157	5.5033	7.2753	5.8144	7.2715	6.5855
6.5855	7.8821	6.5113	5.2028	5.5033	5.2117	4.4556	6.7581	6.9669	4.4244	2.7756	5.07	5.2871	4.1765	3.0487	5.0298	7.2715	3.389	5.5743	5.9287	7.8157	4.8154	2.8488	4.3754	2.4973	3.3042	1.6868	4.1401	5.5835	6.9174	1.3479	3.4678	5.8144	4.802	6.4098	2.3725	5.573	3.6483	2.2794	2.2049	5.6248	3.2807	4.1039	3.6989	4.6485	4.3214	2.7046	5.0238	7.2753	5.965	3.1369	4.2251	6.0152	7.7029	3.3874	4.3044	2.9791	2.1932	5.1352	3.0642	5.1987	6.9079	2.0045	3.1236
