64.8025	61.563	97.3356	78.6986	57.1965	50.9824	73.7013	94.6201	96.1067	88.7075	105.8533	104.25	87.3405	75.3992	114.464	95.4602	54.1072	46.4481	71.9588	63.9597	39.8889	32.7815	49.4146	70.4714	78.3281	60.2592	75.8415	86.3562	91.196	74.812	112.7788	118.5005	86.1116	76.8015	116.7158	98.2399	63.5147	54.0646	74.5833	94.1688	88.6625	81.7789	91.7579	94.9415	104.9525	81.8833	119.34	103.3249	95.9071	84.3871	128.8623	108.3461	75.4296	55.9359	93.3851	106.222	129.047	102.9584	127.6823	136.63	119.7325	94.9321	141.6346	133.8666
152.1756	132.641	86.0364	169.8615	145.3324	104.3143	67.3174	141.9097	107.9345	79.0406	50.9669	107.7154	186.2335	155.5189	115.8402	191.7967	121.0369	97.6498	65.2864	122.8633	101.1652	71.0036	39.043	88.9359	70.1787	52.5682	30.0511	64.1192	132.8365	107.7382	69.4329	117.5033	104.0192	90.1798	56.1034	98.6944	83.8573	57.6008	38.3461	71.065	63.2781	41.3936	27.2611	46.3811	103.4481	82.9474	60.485	90.4814	160.2424	133.1101	93.1755	158.5012	152.2613	105.3161	66.9134	128.6765	124.7566	91.4117	62.895	108.2578	174.9231	138.7294	118.5777	164.7055
99.2303	56.6498	60.0524	158.9737	50.3317	59.5686	35.7164	82.2008	53.2166	40.9945	24.8265	93.2913	85.0171	109.8698	73.8706	217.3937	66.7168	46.0705	44.6654	84.4765	54.3146	78.5558	51.6666	90.615	60.6803	43.9153	44.8087	67.89	74.2048	92.7621	74.3904	123.5309	122.5792	57.7686	60.6395	118.0139	71.761	50.981	43.5405	64.3564	106.6476	51.881	69.492	80.0341	88.485	81.6749	51.6611	139.7011	86.1686	98.1516	59.7169	131.9389	94.4608	136.528	84.1647	152.6644	105.8776	99.108	99.3808	120.4459	147.1007	213.429	139.8572	283.8463
65.6259	87.187	111.9108	77.0362	79.0223	92.0356	95.1025	86.6101	108.6583	147.1372	142.7624	125.4974	78.8127	86.1199	120.9109	94.0344	88.6948	106.0111	121.7127	68.7356	99.4119	103.6264	108.4215	72.9676	125.2222	133.5658	152.5547	108.309	91.77	92.516	125.4503	93.1403	120.4834	139.749	180.0046	128.7167	130.5683	157.5194	153.3402	134.4998	164.7321	194.5603	197.7482	175.569	126.8152	144.7323	176.4809	143.092	85.9188	92.7782	133.1518	88.5025	97.0214	106.8188	127.4296	95.5521	132.4444	148.8221	167.2288	136.8445	100.3858	103.3823	139.0837	100.1368
183.588	107.6774	177.3557	168.6017	104.5628	68.5713	80.2913	117.2311	139.3195	113.2286	149.1053	132.8672	102.4547	116.6673	139.4076	159.219	114.673	78.3634	90.2162	122.3821	78.1925	53.5181	46.0099	89.148	61.2604	58.981	62.8497	70.9181	86.9937	92.8994	91.0884	131.5479	135.9698	84.0955	126.6005	107.764	107.7272	73.6956	81.6283	105.0189	100.672	94.7912	105.2556	112.2075	95.1814	110.871	102.3084	119.3341	97.6502	81.3888	87.0065	113.1209	116.1074	85.5612	88.514	121.8833	87.7465	93.1371	98.8761	105.5997	102.3996	125.74	127.8467	151.7993
71.9533	93.3603	111.5941	98.8108	80.868	116.6638	108.7441	98.0201	92.6498	140.5845	146.3385	128.7473	65.2404	92.9646	123.6506	106.0949	104.0074	103.1692	107.8106	113.3319	153.2452	195.9146	125.6331	136.0531	102.653	143.4532	108.377	115.3335	86.4928	126.9238	110.1769	100.6487	97.6264	122.5079	131.6054	101.729	114.3243	191.1909	150.2822	140.112	125.1622	173.7743	167.2845	149.1346	92.2746	133.4136	141.9021	116.4108	73.1567	78.8227	94.1332	72.6899	93.126	119.0578	111.3113	98.4213	101.8355	121.6123	139.8023	117.6207	64.9183	81.6657	108.5172	87.0793
56.3645	112.9018	56.7148	59.0966	77.6	163.3534	111.7849	85.8863	61.1125	102.6968	92.7305	58.0453	29.8986	76.8011	78.3291	43.3819	102.0453	167.6747	113.4377	82.6504	176.3906	340.1003	232.1375	133.4698	133.2718	243.8043	210.2835	111.3064	56.0206	126.5227	121.476	56.2773	108.8527	168.575	98.9738	77.1901	159.0623	346.1665	227.5741	118.4903	159.914	315.4094	257.4427	110.5636	54.4332	129.8691	130.9977	49.3822	39.4499	58.4466	32.3438	26.1208	60.0826	125.2857	102.2644	51.329	82.7592	129.4363	137.5299	55.6024	24.3758	48.341	65.2467	23.7691
110.9979	77.618	157.3435	104.2914	49.3914	90.1883	75.0083	95.7201	130.4766	125.2821	177.0637	130.3995	87.9222	101.7675	103.0167	110.2488	39.3383	68.3431	60.9578	59.3252	37.2463	142.8147	86.8167	116.469	42.3805	92.9656	65.7931	80.875	57.4157	134.9234	78.4101	111.1635	122.6905	87.91	150.6642	123.1652	67.0618	125.613	88.2681	132.1356	139.4779	130.2953	158.746	131.7152	80.8509	120.5656	93.7365	123.8794	86.8541	88.9059	120.695	80.4198	64.6697	151.3797	97.1472	112.4577	87.943	104.3868	117.2709	86.2659	88.7631	145.593	93.6055	112.0961
202.5701	116.983	193.8011	148.1565	108.7646	56.0475	76.3012	45.6432	191.8607	111.1882	163.4483	125.9472	88.5191	62.5745	159.5389	134.2007	108.1477	50.4288	96.16	69.7783	41.3058	18.3207	26.887	17.0008	81.4809	39.4188	62.972	47.6488	41.6196	21.9392	53.2813	44.1321	211.9681	118.9557	184.4303	112.3185	109.3819	50.6679	76.0798	44.1619	187.7754	99.3503	161.6647	115.9959	126.516	65.5497	164.3449	116.7335	161.4133	79.6834	138.681	98.7614	80.7517	32.6883	62.8165	44.0109	187.9207	90.8898	191.4964	154.973	134.1493	61.2982	185.4189	133.4501
239.1092	97.8059	148.8644	231.9904	103.4638	32.1347	50.27	88.145	124.1485	41.7204	81.7738	160.7533	191.1463	78.1646	146.6998	272.9835	94.5153	30.2907	59.6999	86.3301	29.2442	6.927	15.7314	23.6324	43.1004	9.9387	28.4082	46.9924	68.6594	22.9485	57.5316	107.1202	128.813	48.5725	76.1249	161.2458	45.7976	12.5957	21.1469	63.9711	74.9555	29.4799	51.1403	124.2227	150.0514	49.486	109.5458	246.6955	218.7314	78.3751	107.1199	216.4929	87.0467	19.6636	35.634	72.8301	131.2399	50.5863	103.4758	221.2522	250.585	86.2207	207.3723	416.4881
118.9799	98.7437	139.4187	133.8767	91.9439	73.9429	74.6624	126.5422	125.9643	54.4851	165.3401	120.5412	133.7268	68.1361	161.3582	124.4572	103.3808	63.522	107.3945	104.5789	79.5714	50.1132	53.9221	94.8699	78.2085	31.0229	90.6129	68.5123	134.4366	68.6114	127.1292	121.3501	118.9181	92.8627	125.5991	120.9661	54.8952	42.9672	44.8153	69.8459	140.5411	55.913	157.8604	119.9754	115.8034	59.9518	138.0893	96.364	147.9673	98.574	154.0537	143.2244	89.0021	55.367	66.2366	101.1842	158.8685	59.4775	176.2659	126.6615	142.6208	62.6703	150.4366	113.0293
75.2209	85.2565	105.0688	70.1996	93.3343	82.3238	100.779	89.5543	113.88	111.8923	121.9043	102.7647	84.0495	68.8567	104.264	69.3873	79.2741	81.0304	122.1076	79.8277	80.5599	64.5684	102.2327	90.6808	101.0626	84.7334	124.2758	104.7311	99.6783	67.4719	130.7801	90.9876	112.4814	120.0557	148.5275	110.135	118.0977	103.0511	125.6451	117.855	132.7372	121.5724	134.9513	126.8416	122.6455	87.0092	144.0568	103.8374	93.8924	97.2677	125.4228	89.0032	73.2451	65.5662	83.5628	69.514	133.6443	108.4431	130.458	115.0501	96.3055	66.0239	109.7018	74.7033
221.6185	138.8208	162.2775	216.0547	170.6749	82.2224	82.2124	125.9712	137.1032	87.751	100.1217	142.4972	222.6867	135.2041	168.661	217.1717	189.9135	102.6121	132.5435	180.7212	119.6987	49.2719	53.8812	83.0891	72.5011	42.5999	51.5727	71.2811	143.8212	78.1329	98.2542	132.6656	110.6467	73.7339	76.9787	126.0938	97.8753	48.7342	41.7558	82.1834	66.8981	44.7523	45.3674	85.0955	121.3882	77.2416	89.5405	150.6159	227.8885	144.3851	143.7619	225.7441	182.9658	92.4252	73.9662	145.7311	141.0175	92.8947	87.2943	153.0633	239.8922	148.5805	143.94	238.1325
340.216	194.5837	122.7943	253.9559	218.0835	101.5705	83.8017	125.9973	134.2583	61.3087	47.3357	115.4777	237.4754	111.0313	116.2021	227.6822	205.8867	112.2904	81.3354	151.9882	108.6159	48.3114	41.3974	55.8285	85.2957	37.5381	32.353	72.7174	117.5234	55.6264	71.1901	129.1157	165.1821	81.6261	55.8486	133.5971	90.3535	38.3629	30.8915	61.5426	73.1178	32.0207	27.5786	68.4024	150.5478	65.0102	87.4645	154.0844	263.9026	142.6725	101.8587	214.0697	139.4128	59.797	55.1674	103.8284	159.5181	68.6371	68.7475	165.4415	264.0646	102.4418	155.2457	262.2939
197.8173	188.4341	50.0179	122.9021	160.4164	139.2151	50.325	79.8696	67.8258	44.3351	44.9331	89.2799	191.6793	115.4629	99.3433	164.826	101.0164	113.9072	52.2302	88.5506	90.9351	79.0397	45.8383	61.4946	49.853	41.9211	55.9871	98.4781	93.9217	66.1692	89.3928	136.6408	105.7313	60.4349	48.1343	125.8109	54.2742	33.8807	35.8612	74.3467	80.2754	41.842	69.721	157.1556	175.8845	85.96	163.1596	281.6759	237.4892	167.6472	87.2379	223.4445	120.6184	86.0291	51.6245	114.4712	151.9471	76.2808	115.7253	264.1281	286.2229	137.642	224.9963	383.4705
354.3099	145.3279	112.989	357.3567	202.5836	93.7325	33.088	149.0604	86.4185	21.131	45.9821	119.7254	341.8669	109.5749	143.3722	359.3454	193.6852	91.9839	48.651	197.5675	110.9965	47.7906	15.2923	80.8112	25.4358	10.3611	11.0023	36.3645	140.3904	52.2168	48.1275	157.6457	108.4349	31.6027	24.6982	84.482	26.9542	11.2131	4.7571	25.9018	50.827	6.2646	21.7224	53.5954	139.4273	34.6291	53.8827	117.4282	382.2603	170.2891	105.2849	322.8948	164.4461	87.0936	22.0539	109.6303	126.9434	24.0981	64.6391	156.1949	379.1025	141.6954	136.7472	334.9686
49.5196	106.0401	90.3123	51.4663	105.2714	190.7373	153.2258	107.0057	73.3711	133.5771	146.0164	93.3409	48.9329	85.813	99.3059	45.1372	85.0997	170.8598	160.3209	90.8415	170.9587	288.0357	232.3401	161.3728	117.6795	174.6586	216.1287	134.0093	82.8544	125.0714	169.4861	73.3659	83.1587	133.3833	120.7347	62.8238	123.9964	199.047	157.1535	98.7977	121.2726	161.4261	202.6899	113.0804	66.4922	99.9137	149.0527	54.2469	49.4835	83.8005	85.7461	45.9025	86.1469	133.6133	120.8382	73.997	91.8189	115.1447	161.2251	86.856	38.5332	53.3624	84.6998	31.4202
46.3641	12.3056	86.6076	128.7412	17.2665	2.4558	22.315	28.0652	86.7007	24.8415	139.7412	211.3636	130.5612	36.2026	247.2965	284.2013	13.4739	2.9314	27.4323	39.2183	2.714	0.0912	3.9017	4.9229	21.7031	3.8265	30.0311	45.2126	25.6456	4.9454	46.101	50.2188	91.5653	24.9121	138.1261	211.2041	30.4274	4.6634	38.2099	49.3598	148.1551	40.9648	203.7979	319.1036	222.8507	63.1409	363.1504	427.5191	117.0445	37.3358	194.6021	290.9706	40.7942	6.6292	53.674	68.2393	223.5671	68.104	333.4959	512.7357	261.0091	81.2401	449.424	524.9341
232.9132	220.9032	158.1789	148.0957	227.045	181.476	129.4128	159.155	156.4646	161.8986	88.8381	106.8126	138.0928	118.5269	86.7013	83.9112	221.8864	189.1436	147.2316	130.7739	178.591	126.0541	94.3364	117.0395	121.0113	119.8366	68.9691	81.3178	148.6609	113.8928	82.9586	79.6117	153.2178	146.5124	93.3483	92.1602	164.3313	126.6637	83.0278	108.3461	88.7164	87.1131	43.935	56.0087	103.911	81.8456	55.2474	55.506	144.698	140.539	98.5055	86.5884	124.6677	96.7184	63.9109	81.707	90.1293	95.8797	49.6802	53.7391	78.7586	65.5179	48.6658	42.6764
368.1515	182.4023	99.87	219.1257	155.7128	62.2599	56.132	130.0115	51.3672	49.8464	46.3414	119.3458	51.214	66.8797	105.3515	263.2206	197.0893	88.3643	56.9107	117.4384	76.7516	28.7418	26.1364	65.2694	36.0134	31.5917	33.8941	84.741	62.8067	60.6996	104.3667	232.4221	47.5751	39.5958	42.676	59.4372	28.754	23.8294	40.5663	89.8786	34.092	48.7453	62.4729	113.5866	70.9814	81.2631	151.0423	282.0266	106.3444	72.2324	78.5028	95.8099	63.6676	41.4648	72.2803	168.1918	86.1061	107.3732	162.3445	332.5383	143.7337	170.1889	394.8304	752.5804
61.3152	109.1689	61.9121	83.9328	111.5065	144.6266	95.0813	133.2548	72.9705	90.2524	87.7137	100.9546	80.1013	112.7087	104.1046	118.7524	82.9073	141.9128	70.0755	97.7303	115.0804	140.6376	91.118	120.6339	77.6617	81.0627	109.2573	118.0249	104.4996	129.7612	124.1488	144.0708	82.1837	127.9673	102.0638	125.83	88.1071	111.788	99.8145	141.2727	124.3271	121.7494	160.7549	165.7039	123.4182	139.2776	152.5625	156.3164	91.497	151.2013	83.5742	108.8335	123.5053	156.9486	99.1257	133.7736	110.2898	119.7281	152.5077	155.9878	128.6596	157.9406	131.3721	150.1607
120.6758	93.517	144.8554	131.1703	67.1389	81.6814	76.6448	124.8447	117.9756	109.8483	120.742	137.4738	105.5244	119.0814	125.8695	131.9082	87.3967	59.2686	80.7693	82.3701	67.9959	73.4272	89.8047	119.478	110.4462	79.1577	95.9933	99.4883	115.3782	135.6887	164.0333	154.4784	136.6346	105.0133	139.7514	146.4098	68.7835	91.5848	90.8491	145.8912	123.1289	104.8203	111.0942	136.3218	97.9214	132.5859	129.5713	147.7194	113.3703	86.8419	114.4288	114.5505	89.1091	110.3876	119.6454	167.1557	156.6844	126.7795	143.2978	152.7895	110.3809	143.8145	159.7635	153.9755
59.3318	19.8025	83.1887	132.4783	30.6864	4.8953	25.8521	46.4919	80.3952	31.9242	118.7644	161.4434	140.6727	51.5918	213.2051	260.8921	37.8127	11.2791	47.9281	84.8566	11.3859	2.2119	9.9909	20.9167	35.0352	12.6427	42.3362	66.7821	69.8119	27.223	91.025	145.3852	92.2163	27.5246	93.9587	165.7179	51.5135	6.4909	36.113	63.1472	123.8238	44.729	132.3199	201.175	180.8443	59.8039	224.7698	274.7775	141.8478	48.648	177.4239	305.8052	90.2709	20.2623	74.4493	152.1831	209.2348	82.8867	258.4381	389.3192	309.3944	141.5088	416.0176	620.3273
148.8329	126.5712	123.5337	73.0981	143.3886	102.0085	102.3301	73.0898	152.7231	129.7235	116.7626	73.8135	69.1295	65.1098	80.5413	44.9101	153.7014	110.1262	126.8436	66.159	123.7005	75.671	81.0099	56.7712	118.7385	97.0143	82.398	55.6784	70.9159	58.8422	71.9653	39.0328	154.9479	135.718	134.52	78.4212	166.4898	121.5227	121.375	79.3321	137.856	134.3161	108.117	68.6311	72.1587	72.4089	84.6293	47.1813	76.1073	59.1687	80.5331	32.6178	87.1001	57.7048	67.5077	36.8718	93.7276	92.4514	85.3336	44.9743	45.6309	44.0211	54.0419	22.9728
138.8384	68.8077	76.0902	201.2853	70.4252	25.4354	38.6821	80.5792	95.9628	41.0766	51.573	92.9085	161.1928	93.0638	75.4779	233.7606	68.585	30.4657	36.9719	80.1626	23.4734	7.4837	10.9222	23.5394	43.0222	16.6778	20.6436	40.5485	60.132	32.499	25.2514	74.9423	114.0998	44.8328	54.1159	133.2614	50.5492	14.2408	25.8598	40.5774	67.6868	22.8962	31.3796	55.8904	94.0868	49.2151	42.3631	107.2487	136.0342	84.1969	71.694	184.4189	81.215	32.3791	38.6226	96.0832	79.951	38.856	32.067	82.7881	168.3895	101.8544	71.3409	227.2791
111.9797	100.0892	127.4661	149.246	107.5521	74.7048	98.1508	132.508	106.8109	111.3893	119.2803	131.571	151.4445	125.9023	151.9524	164.6795	115.4411	91.7575	117.077	136.8576	93.3696	57.4386	72.8258	96.4537	93.4213	83.0388	85.6802	100.3312	138.7769	103.6254	125.6491	141.5254	98.9022	78.9365	93.2939	124.9681	102.6448	65.4276	81.736	119.2207	80.9027	83.6889	82.8691	98.6328	121.2256	88.6499	109.1367	120.906	144.5056	112.5725	146.4682	165.7774	121.4629	76.0107	105.1159	126.4653	127.0824	117.4745	119.423	140.059	162.5976	115.661	146.2103	152.8229
126.6832	150.7925	145.6811	132.7206	126.7206	164.5852	133.6311	171.462	116.2037	153.3682	146.9315	125.6541	122.8226	146.5062	126.547	133.5369	96.4275	133.9386	112.416	116.2064	99.6581	175.1925	101.801	247.6087	88.0	120.1499	109.4922	120.2493	123.7763	167.4636	114.218	261.1253	90.9139	124.7455	95.0818	112.3362	116.87	162.384	93.6693	167.0023	111.2001	141.9456	110.6942	126.6247	98.9453	131.1983	85.557	137.9508	114.391	128.8532	116.8025	97.4022	108.6756	156.4668	102.3539	196.6699	100.8728	122.7601	106.0736	102.3464	133.9148	134.2814	102.4166	203.411
131.254	95.6958	205.3021	103.842	95.8862	92.2425	111.4544	97.5584	184.0393	163.1654	247.4526	158.4858	117.0205	97.8054	135.2659	108.0143	103.9977	75.2498	135.8174	103.6058	103.6608	88.3001	97.5565	103.7477	117.0206	85.7323	125.3025	111.0476	117.5023	80.8602	113.053	109.645	165.1525	131.3287	228.5345	150.9776	142.4315	144.3886	147.2636	152.8656	196.0143	190.5406	239.9285	184.212	156.3546	124.3581	164.5541	137.8183	130.9355	90.7951	164.5738	106.4697	100.1705	73.3475	96.8502	83.2658	143.4337	113.8784	149.2139	124.7741	123.0746	85.6854	115.196	98.2394
59.5211	75.7453	112.3302	90.8666	73.4035	90.553	119.3481	104.5738	100.5495	136.1767	171.8408	156.2066	67.1846	120.0828	141.7326	122.1656	70.7398	87.1404	124.5157	111.532	71.5028	107.1977	114.2784	117.5374	104.9952	133.3009	159.663	163.7568	86.3109	149.7018	132.9099	143.3396	74.5631	110.5699	146.1371	139.3569	103.8828	139.2187	167.8449	161.8413	132.0191	178.2352	218.8112	224.1267	111.6399	188.6452	193.4297	195.2702	77.1416	92.7608	130.5768	107.2727	80.5251	152.9854	142.5256	141.3716	108.031	152.7042	188.1034	171.2305	76.6389	181.4837	139.7702	150.6244
75.0851	91.6454	72.0945	136.8076	86.4381	84.1557	72.1142	133.9951	72.5907	76.999	52.5717	114.5461	123.9046	147.8638	112.5232	186.7047	79.5355	86.7449	77.8446	126.8657	76.6531	66.3514	63.8285	104.9812	69.2079	66.7755	50.5435	90.8884	112.8411	122.8543	110.0143	146.9213	72.5598	76.1217	54.182	101.6741	72.2036	63.9619	50.6952	93.8035	54.0655	49.0432	30.8197	65.6074	94.7664	110.305	75.7998	127.0081	104.4861	125.294	99.0978	157.1217	130.3218	120.628	103.5989	170.9272	104.4428	106.1369	71.8296	133.3747	154.0278	177.1209	133.5282	193.44
64.2517	113.8682	61.4061	72.6419	87.8228	163.8316	109.0653	114.3833	58.5114	109.0492	67.3244	60.9173	61.0826	130.9199	83.597	71.3519	103.1101	154.3667	101.1339	99.6483	146.7958	226.125	186.7061	173.4379	126.3843	184.8127	135.8224	119.5344	130.535	209.038	169.2142	122.1076	89.0685	129.8963	82.191	84.4114	132.2854	189.2926	136.5382	153.4302	99.0584	147.9768	92.7252	94.7336	98.7298	149.7106	118.5424	97.297	82.8984	129.3831	81.3052	81.0167	124.5713	211.5811	163.0278	168.1473	108.1418	183.5669	123.1643	121.7077	86.2653	155.7603	126.044	99.7584
62.9392	68.6517	82.0409	130.887	77.0421	63.2303	63.2729	135.5968	87.0509	101.0056	85.4613	184.0741	122.4219	126.9521	138.8884	256.9985	66.5442	62.8137	81.1529	136.8654	68.5394	47.2763	55.9991	114.4405	61.5545	60.0039	59.8631	127.8639	120.8576	105.9935	146.058	249.2271	66.6918	70.9317	86.0317	150.1402	84.3753	72.9249	74.2222	164.5574	74.0772	77.9363	68.7085	160.975	138.6154	137.1554	155.9371	305.8432	92.1191	91.3857	134.2448	227.2812	106.9621	86.9158	101.0527	234.9543	132.5651	125.1281	140.5707	296.0246	208.5626	175.8322	258.9595	473.6223
254.6536	107.8362	115.1549	104.3687	115.8965	125.8009	150.6261	73.9521	121.6745	105.5429	221.2248	70.2111	80.9317	69.0896	105.5175	32.0275	107.3501	106.8871	155.6206	73.9673	118.3279	131.5326	207.0612	79.5538	148.3817	125.0328	311.0012	94.4046	71.5577	69.1107	124.6424	31.5586	314.1056	112.973	143.8077	87.6161	92.1447	122.018	189.7663	63.2826	388.533	151.9767	522.4932	144.6492	96.0633	56.4082	164.5387	28.5432	86.7987	52.5788	72.7936	37.5731	57.1523	62.1586	89.825	35.5842	125.0732	78.2606	192.3443	55.1428	27.7913	21.4454	47.039	10.5387
179.2261	130.4931	168.2553	169.7369	135.1462	101.7815	98.957	148.3299	190.0726	112.1466	148.2475	127.8058	172.9607	126.378	135.4829	163.2127	132.5318	105.3708	114.925	147.8075	111.4707	88.7285	78.5271	135.5781	111.2356	62.619	73.4062	92.6775	169.3922	117.344	120.6288	159.4435	177.657	113.4724	149.4804	139.7915	99.2592	69.7891	71.8654	97.2794	155.2118	76.0812	109.148	84.4981	118.3787	73.1323	82.9399	102.373	182.9027	122.8685	165.3006	172.9801	117.7458	92.4292	88.8409	135.6585	164.4472	87.879	121.9337	102.8117	173.1717	113.5288	138.1252	149.6319
345.0464	286.8198	176.0738	110.1454	196.7887	181.9617	167.3276	95.0784	104.4874	117.5014	136.1056	121.0032	59.1118	75.6191	82.7558	88.6349	133.0287	123.4751	134.6395	85.9085	102.9221	97.8594	139.041	84.451	100.2167	105.8399	153.8927	137.6922	65.6612	65.0237	85.9888	84.5381	139.2667	100.2978	102.4806	112.5715	81.0988	80.8146	115.7215	99.548	104.2155	97.0372	126.2782	151.1309	89.4457	98.4744	117.7071	135.9239	113.5845	67.7306	71.8082	82.2903	69.0211	59.7005	75.7979	81.5383	109.3154	75.2095	79.0354	102.2408	70.036	75.2113	82.8661	90.4756
254.2961	55.542	207.1474	176.4417	72.3009	20.939	38.8447	70.3441	163.453	30.4597	137.4754	119.3021	210.7534	58.4511	149.6403	163.7002	93.4845	31.5428	59.4651	95.485	38.2518	18.1767	24.8406	64.5876	45.9604	21.1116	29.7354	71.2346	119.2575	59.1563	78.515	164.2341	131.4482	29.5349	119.0265	101.6841	37.6612	14.1763	23.565	46.8518	78.6683	18.0423	71.3468	65.9408	138.2336	55.5518	90.152	139.502	278.5054	78.6607	179.0266	212.9811	105.346	45.546	58.3543	142.6612	146.1502	47.8508	99.1208	151.5978	287.5491	117.3032	161.2083	299.8256
11.7226	25.7321	35.3146	26.1437	30.9787	67.6018	87.3093	69.5939	48.8208	90.4408	103.0047	87.0872	29.8634	53.6952	77.0386	51.4232	38.7814	76.5604	117.2056	76.915	87.2947	146.6234	206.7287	155.9276	106.5306	187.9748	229.0701	194.3934	80.219	159.1455	204.3493	146.4528	41.1626	70.6032	98.3165	79.6705	90.1468	158.7393	210.7922	171.0801	113.961	169.2128	200.7906	182.5551	86.7288	147.0625	199.7781	140.6967	35.6003	71.1933	94.3735	63.3524	91.3889	151.9824	195.7181	146.6443	103.5911	174.41	197.7982	166.6081	72.8246	136.3545	163.7144	112.0529
201.5114	118.5767	190.2634	213.363	123.5949	57.6946	94.0279	111.9736	158.2184	114.1293	142.4217	163.3224	180.415	114.1461	195.8776	196.6668	141.4782	67.5602	118.3396	141.1277	69.0875	26.0603	48.9907	55.0264	87.6659	48.1655	71.4108	85.5646	97.5861	58.9859	102.5197	99.9627	113.586	71.441	116.9177	149.4335	85.7757	44.7169	72.6786	88.1428	100.4357	70.8644	84.8743	108.6036	112.6142	79.6325	125.8863	131.6539	189.6727	110.0863	163.7688	182.8304	137.2873	59.0969	92.2743	103.1133	132.8361	98.9324	134.5559	143.0135	154.3877	110.2232	171.2416	158.8694
93.1667	98.0847	112.46	123.6994	115.3286	82.5953	107.3361	125.2635	137.2509	123.2249	117.8024	142.1035	121.7004	111.2263	135.3779	145.5009	105.0402	101.2378	127.1176	125.4867	89.2677	58.9683	84.1273	93.3467	121.9543	99.7632	106.7214	116.7943	115.7772	87.022	130.0357	129.0499	128.03	130.7161	146.3686	155.6675	136.0204	94.7774	119.2967	134.6803	140.9069	119.8042	113.679	133.2684	132.7608	112.5442	133.7635	151.986	117.0048	105.5636	133.3315	136.4985	116.6212	78.8338	104.8441	119.2051	154.4759	123.4812	132.1658	144.6405	147.1149	101.4315	144.7493	159.7915
99.4995	76.8326	102.6497	129.4492	79.0847	51.0212	74.4892	94.2173	110.5907	88.7953	105.2512	153.8095	116.5174	105.697	129.6868	161.6241	94.9067	64.306	97.7516	99.8014	65.0857	35.1915	56.2271	61.581	93.7578	65.1537	86.4577	113.8041	109.0436	86.4583	117.1467	137.7122	120.4457	91.9921	125.532	145.2908	102.2122	64.4758	91.0023	112.6204	122.0574	90.3365	111.8483	165.0443	169.2249	154.5745	182.96	238.6093	132.2066	117.9824	159.1275	160.1623	135.9844	97.1954	131.0753	162.598	162.8116	139.3748	160.7587	243.814	206.862	205.5172	230.6765	309.3883
118.0784	97.37	167.8645	136.8583	91.5409	77.9791	109.7422	105.4667	151.9329	110.4716	187.0756	185.8877	103.0173	84.6444	130.421	147.7931	87.5819	60.3924	116.1836	89.6921	62.4043	42.4538	80.0536	73.7787	107.9448	64.0094	128.3452	99.4219	89.5519	48.7772	115.3726	97.9856	164.6613	137.0068	188.124	144.6845	105.111	81.9458	122.0091	106.314	194.8266	126.9343	195.3994	171.6929	136.5805	98.0604	162.7718	161.5291	86.7151	81.9092	123.592	95.1431	64.7556	57.5981	88.154	96.2277	129.0047	84.4089	156.4289	123.4489	113.0929	76.5596	148.4681	128.7638
43.7101	70.883	72.6545	69.6065	63.0171	84.596	100.5374	117.7043	80.6357	85.0459	108.9992	100.4418	71.796	87.1284	127.4834	125.6407	49.0057	65.7494	88.9606	87.9142	60.7623	64.1484	102.3381	111.5858	98.7046	81.6886	136.8173	119.5893	104.9054	105.8904	185.9454	157.0574	73.795	98.5019	125.272	108.4687	62.953	82.7731	109.463	125.2419	114.7255	81.4744	158.4788	116.4963	74.3717	92.2973	155.1588	129.7562	83.4553	104.0238	132.3135	113.6267	86.441	89.5527	145.2708	160.1537	166.4327	124.3568	220.3948	155.6118	138.0479	136.7145	239.2607	193.5201
159.4911	62.0022	174.1646	177.1457	64.3601	31.9473	80.8561	68.3763	174.1792	58.074	187.1418	179.909	175.8558	72.5475	179.4842	170.9925	66.1843	28.1231	87.5039	77.3508	35.4498	12.8684	38.7033	40.4702	76.7091	26.5122	93.3394	83.2198	86.6171	25.8934	83.7636	79.624	157.1845	55.9791	177.207	169.8463	54.5368	24.0739	68.7928	60.7224	155.7322	42.7584	176.5289	167.7678	160.8571	57.4463	178.7506	161.011	176.8819	67.3696	196.72	173.7218	69.7962	32.4402	84.2325	71.127	173.3974	48.1743	178.2922	153.5031	173.4707	62.8652	174.6556	145.1503
37.7822	49.0856	70.6064	76.6692	52.748	54.2403	94.7173	97.6244	69.7111	74.3343	118.3535	133.3649	40.0459	63.6813	129.6066	126.5589	55.6298	67.353	104.1558	95.8815	63.6487	61.8625	111.8386	100.2903	97.0203	100.9969	162.65	159.7198	66.3104	93.0421	178.198	150.1178	74.7604	93.1615	126.0799	119.2843	83.9647	84.3882	139.2475	133.4333	110.0938	109.8275	196.2689	203.8868	75.3961	101.212	225.1437	202.0055	52.9148	68.5223	94.9352	79.2952	77.1744	81.9918	138.8514	126.3606	111.9092	121.2752	239.5028	211.9398	68.6332	90.1376	244.6725	185.2318
59.7976	52.6514	104.1108	86.1766	59.5095	37.8581	78.1493	69.5336	117.0428	108.5761	193.5444	162.3658	98.2433	86.3563	143.2441	109.5606	65.4351	48.5146	116.736	84.8116	47.5754	25.3161	63.2934	48.4939	98.1604	77.2108	160.842	117.8645	80.2327	60.8649	120.4547	83.9205	115.814	95.9216	209.1456	165.579	127.3441	76.7547	163.9391	135.9797	208.7358	185.849	336.7362	283.1137	179.313	152.2483	253.1322	193.4303	94.7528	77.2595	154.0208	120.5801	98.3958	58.2957	121.277	91.5756	148.3323	134.0801	237.4943	183.8773	118.0266	99.3344	160.1434	114.0953
75.766	51.1383	116.5745	58.967	61.776	30.3225	82.1981	63.7739	86.4145	59.865	148.4411	113.1526	48.2068	46.3971	114.8854	101.4662	60.0912	40.4433	89.6495	54.0214	35.0238	18.4531	53.7315	46.5226	79.9831	54.1644	127.4644	96.9927	60.9032	50.4394	140.3505	109.9439	118.7493	80.5974	150.8538	94.9188	86.737	47.9252	110.5078	104.1671	167.3633	109.8264	213.8895	170.3383	101.9996	76.365	201.2043	147.8693	73.0676	49.6687	99.898	70.2334	66.1903	44.4162	111.4164	115.5722	172.2409	120.0469	245.5582	181.2527	106.9969	100.8181	259.1065	193.5656
72.5077	100.5039	57.3041	110.5915	63.9734	101.5312	75.4189	128.7528	63.7524	75.4506	47.068	77.8758	102.9131	144.956	105.1451	154.1584	88.2936	93.6468	70.8384	113.8274	81.7231	92.1587	79.729	126.2528	80.0809	94.454	64.5568	104.4933	134.2728	157.3272	129.0281	181.3784	68.0459	89.9362	52.3148	92.5571	70.8853	87.7809	62.7782	110.2079	54.4777	68.0344	38.5937	68.746	89.5302	119.1219	83.1012	127.4031	125.4757	143.6601	94.3612	177.4711	134.8489	150.9867	127.5268	203.2006	113.958	127.7665	86.8626	136.8945	181.2647	214.0409	158.0323	249.1877
222.5352	91.1795	229.1137	76.799	126.9728	37.7505	99.1459	36.9359	243.3467	92.9691	200.1594	96.3253	115.6804	59.5565	125.3607	95.252	127.3898	49.7679	138.8258	62.4878	53.1379	15.4742	46.4456	29.8278	112.6503	44.5093	101.3028	65.7344	73.8883	38.7486	95.9895	97.5452	224.9422	94.6298	218.9257	112.2685	120.0406	35.7417	95.6353	56.8931	203.5553	78.14	158.8456	112.6991	131.1271	64.0469	134.5459	137.1446	155.4525	79.2458	166.8122	141.8287	97.2433	37.7909	90.7473	98.481	189.8011	95.4853	176.3199	189.8619	177.0208	97.1314	212.4617	234.3414
45.0578	52.5735	52.5772	76.0139	41.2832	55.6956	25.1957	81.9157	66.7645	61.3358	69.2892	59.5848	92.8754	103.4582	94.1306	192.9725	35.3011	37.4891	32.0977	82.7367	38.2687	39.7556	21.5858	73.8321	36.6619	19.7207	38.0502	41.2249	96.2742	91.6568	83.1623	205.5832	67.734	72.5543	70.8395	93.1627	43.4305	63.9884	16.3007	77.6098	87.8717	79.8141	75.1629	95.0501	97.7154	89.072	84.6083	159.3522	104.1929	97.6404	102.3708	202.3873	100.2166	90.391	75.315	228.4101	126.9217	84.0142	122.2128	133.2293	223.2166	217.8982	207.3535	470.9475
251.153	82.7291	159.369	279.4966	89.4001	27.4759	52.8865	102.9201	135.4089	51.6675	104.3154	164.738	200.0335	64.2039	168.8809	262.5547	135.8886	44.0191	85.9565	110.621	58.8661	20.6831	34.8235	42.1294	70.9641	24.1224	46.1723	67.0951	110.1968	27.36	65.5629	97.484	142.8174	50.0489	92.0118	128.1255	67.6444	21.9925	33.9334	57.393	79.7229	30.2836	63.935	80.374	138.6309	46.246	110.7908	137.6184	211.1994	57.146	148.8958	196.9855	77.7701	21.2715	42.9938	72.291	103.2276	35.9612	116.7029	135.5238	179.734	49.2536	182.4204	218.7603
130.1135	120.0873	114.444	119.7067	122.8387	124.0859	98.1395	123.7429	124.7068	122.0933	87.968	117.9533	151.0566	145.6409	123.1464	124.2697	145.5935	131.344	143.9911	170.1832	164.319	145.7669	124.3988	161.8764	124.5475	116.0719	94.4352	128.7331	158.4051	167.4919	138.807	147.172	134.3455	106.0525	99.7281	122.057	128.4354	116.8773	88.6145	120.8671	104.0107	82.8269	61.5892	83.056	129.8668	123.3662	102.2337	107.4979	150.4323	138.3531	134.0951	142.5126	167.5423	161.878	130.5662	161.3338	142.6006	128.4659	97.6609	120.8938	144.3369	145.4196	119.4495	116.7758
138.7147	96.7355	117.1256	191.137	63.7831	46.1392	62.3012	133.2619	86.5335	71.4752	74.7796	146.5361	133.3798	109.8554	130.5944	269.0669	78.3908	46.894	56.3729	100.419	33.9757	22.8771	27.3201	62.3384	49.7035	40.7204	38.6103	88.6626	89.0719	76.3423	86.7025	186.0245	82.2259	60.0042	60.4608	123.0522	53.4275	36.9179	40.7822	100.7614	55.3089	45.7376	38.8104	110.002	113.4036	89.7019	84.7001	248.3362	185.3512	98.3965	112.9167	223.4294	108.0124	59.6788	72.1398	159.6316	93.0056	86.6817	82.3227	197.7982	278.3978	187.0097	172.554	466.2129
213.6223	98.7001	174.1793	146.2055	102.5756	40.721	68.8347	95.8471	148.3549	77.3265	98.7594	105.0772	176.8568	75.4702	137.5108	184.1828	117.3175	50.2572	82.1139	116.0258	57.8857	23.0	31.2786	67.1184	64.0762	32.5842	38.7286	63.0323	124.827	64.1363	91.5319	155.5839	152.0272	62.4849	105.0058	84.5235	81.4065	29.1805	43.874	64.0998	88.4275	40.1395	48.4717	52.1554	124.5558	55.4928	83.1591	111.8688	244.5691	93.4759	158.3633	169.8138	127.0735	43.7469	56.7607	109.3115	178.3839	77.1545	98.1579	124.3808	251.1043	107.0967	170.8002	229.5767
88.3569	88.669	113.5372	133.6239	94.7814	69.7815	89.5326	127.1884	110.5985	113.4379	115.9	154.7061	122.5261	123.6035	144.484	160.1918	86.95	80.1746	105.3413	127.9952	67.3336	48.5182	58.7818	91.8596	83.724	79.7747	78.5758	109.8283	103.5377	91.2042	114.3926	133.0709	101.3394	98.6342	109.8539	146.9791	103.8925	80.1522	90.2319	138.8612	104.1394	101.5298	91.5656	126.2436	117.8691	117.8646	134.5707	148.6957	102.6564	96.7812	127.8294	144.1886	103.6635	83.6235	95.5202	133.3461	114.878	126.6024	115.7197	157.7241	110.3948	118.8836	129.1813	143.9504
59.3729	46.318	105.9899	88.1269	56.1049	31.9579	62.7365	75.125	105.2437	85.6334	143.3306	150.3292	100.3385	68.3887	129.4753	124.238	51.0414	39.8631	90.5915	69.8425	33.4422	18.7977	42.0542	44.7282	62.8377	48.4062	85.9775	74.5395	81.9871	48.7156	109.2565	93.2465	93.1532	73.3939	141.9984	131.3771	82.8946	44.9204	83.9866	109.5267	128.8239	97.7546	151.0397	166.4375	138.8337	88.022	166.5591	164.3421	99.6104	76.9915	159.9906	125.8173	73.2319	44.1203	80.8877	87.8159	142.1508	107.1245	170.6731	156.3977	137.4957	85.3125	168.4741	144.22
228.4486	114.8635	183.3395	224.6583	135.1903	59.4898	81.9407	118.6541	189.4898	100.3787	132.1295	181.1955	179.9813	139.7233	166.5504	249.9671	138.3732	69.8099	114.8944	135.1861	60.4776	31.8755	39.4116	64.0532	86.4072	51.5689	59.4714	79.722	86.46	81.0237	89.4181	143.0766	184.7142	103.8861	133.041	176.4605	106.5238	60.4346	62.1778	94.041	124.0713	81.8117	77.5627	119.2466	138.614	113.7913	118.2695	176.1978	142.2015	102.7339	131.7907	200.9468	110.0757	82.4713	78.7676	159.109	126.3683	117.8997	101.0667	162.1075	147.1138	173.7356	169.4929	286.5772
65.5314	45.6249	88.8661	117.3348	41.9405	26.118	36.1589	70.685	87.6004	52.1756	118.0703	101.5277	117.2413	57.7742	158.4779	226.8978	38.8539	19.7182	39.128	69.2335	21.268	8.6074	14.9085	36.9873	21.7537	12.4156	29.7801	24.228	66.1348	21.9178	68.0296	119.1588	97.3867	74.19	98.5255	143.7793	63.9996	34.6151	37.6611	88.1761	145.0815	95.897	156.3927	150.4221	108.363	72.7831	111.5472	172.8513	113.5746	59.2207	134.9614	178.3893	55.8201	29.9967	32.0157	90.2026	168.0901	91.8535	254.7225	163.5311	201.2725	75.3888	321.0052	359.2453
27.4455	63.9113	66.494	38.331	67.1363	152.4997	137.4619	92.1084	53.2087	135.6914	123.7664	66.1473	39.417	88.5821	89.5375	43.6553	78.1766	162.2229	153.5491	95.5363	175.0111	382.5028	305.744	235.8842	107.5884	295.5358	251.3322	132.6904	99.4261	222.3502	205.7344	108.7326	40.3488	83.1691	87.7752	43.3442	130.9113	272.3293	229.2417	161.4026	90.9018	201.2852	196.8646	81.7442	56.8064	136.9072	111.8266	64.4338	44.5789	91.6371	83.1703	49.6204	115.4628	229.0325	172.0337	123.3579	73.4384	179.82	155.379	77.2403	51.821	110.4463	89.6152	47.1752
52.5044	48.0819	120.3039	59.238	68.5996	72.4778	92.3233	88.7637	104.968	87.2327	199.2012	123.0791	65.3615	65.8088	129.5179	94.6908	66.3052	78.6118	138.4726	111.6942	95.7706	110.8652	122.4865	157.3054	87.8951	89.0405	152.0217	148.1435	93.2391	123.6984	175.8465	189.5445	94.1309	82.342	190.8834	84.5023	82.4026	69.0774	117.5523	101.4132	148.6155	116.6362	261.6835	139.494	102.0703	96.1843	197.353	138.6997	75.4272	79.2008	143.6159	89.9909	90.7658	99.8669	131.5129	146.9839	153.098	125.7354	234.3383	165.559	113.4315	127.5444	215.4494	186.0319
278.1419	128.3088	222.115	154.4379	140.2787	62.2643	104.6808	88.7317	245.6626	110.5919	159.6577	127.3131	171.113	82.4343	148.9694	86.0423	176.1184	74.1436	136.6312	101.6296	87.8159	34.2103	58.814	54.3306	125.6786	56.146	84.6324	71.4696	117.8964	55.8548	92.3191	59.8916	217.3341	88.7995	166.2594	109.7643	104.9957	43.7835	83.1613	64.898	158.3978	68.1073	102.4791	81.5765	121.0213	59.2747	108.9032	61.1601	189.0742	77.9878	145.8972	91.6732	99.4803	39.7	72.6784	59.0151	160.466	74.356	105.2386	81.6859	100.301	46.8787	81.3021	45.8768
415.5574	156.324	191.6648	255.1645	181.2291	57.3871	66.5587	119.0104	181.927	84.0382	89.1612	131.9121	287.8205	99.866	115.8973	161.438	225.686	70.9579	77.7214	133.3886	89.6064	23.2826	21.0704	49.2234	57.7701	21.869	28.3476	44.3163	144.4265	44.5632	48.0892	74.1693	167.955	69.2546	76.4889	100.1296	93.2916	35.3375	21.6881	54.2381	75.0706	39.6252	31.8018	50.0767	133.5073	47.6155	49.526	68.1932	316.6995	114.1366	130.7171	168.1986	136.686	44.789	34.0621	73.7825	112.3322	53.8191	51.1948	78.5964	190.9449	65.9976	64.5308	90.6328
262.5525	215.1039	75.5181	137.436	262.6011	185.4381	70.0826	129.2906	92.6993	96.5997	75.7476	84.5948	116.0487	104.7247	51.4737	65.8704	284.4312	231.2994	101.8038	135.2347	239.9728	167.9021	85.0609	119.5552	72.8935	64.3811	78.091	68.3092	128.1049	100.7474	71.7925	69.3909	102.7616	102.7367	61.3259	64.3007	129.4712	112.6178	37.5727	69.3606	77.3395	77.7898	69.4975	78.5489	97.6388	88.6444	59.2342	58.6715	152.2338	136.4666	65.1818	73.2425	154.5096	114.2847	36.7039	58.6672	68.0946	66.6056	54.9835	56.7879	78.273	70.2413	35.5356	36.2878
26.8764	49.3485	34.1904	64.6954	51.6717	85.5266	39.0348	106.2721	44.2628	43.4868	68.0609	94.0825	69.2031	88.0571	114.3113	140.0076	46.9864	66.4537	40.9579	82.96	89.2231	119.843	45.9476	143.661	37.8009	30.0204	52.6188	70.1059	98.8959	132.2121	100.5842	156.8602	47.8343	66.819	80.6302	113.9715	40.4379	77.0639	32.9115	89.3709	99.5228	70.9477	157.8145	197.3887	114.4032	113.1968	200.5504	217.1571	70.7596	105.6476	87.0183	140.3674	99.5203	145.8986	68.7269	169.9965	130.3596	100.0082	205.7803	247.2011	148.2257	166.3742	225.3104	251.7688
73.0249	77.0243	131.9738	70.6039	62.1114	116.7242	92.6609	116.9069	137.8084	131.339	200.2407	128.0576	74.1829	107.9472	109.539	89.6975	41.2673	90.3368	69.8739	80.6157	85.537	212.6496	89.7688	220.9824	66.7675	118.7992	97.393	116.4518	109.4574	227.6612	103.4167	196.2925	143.7747	136.5559	234.877	135.1875	97.096	172.3796	137.1045	186.9006	220.9915	191.2973	291.5175	203.4138	132.94	168.1717	191.3973	159.8343	75.0545	114.1142	115.7503	100.0238	89.1659	205.1851	95.0546	205.6651	127.1129	141.63	162.211	139.1133	101.4776	185.4612	104.6597	153.6603
236.595	160.9288	211.7664	153.6185	142.6142	167.0646	113.0403	163.2747	151.3599	157.9342	152.845	131.4868	140.405	123.6457	120.557	106.0934	161.9841	157.7306	125.1472	131.3351	146.2606	194.5865	101.586	212.072	90.7561	108.2575	72.3607	112.8925	172.0787	148.4486	111.749	192.2117	112.4452	125.2177	122.5112	101.926	116.0875	141.0763	92.5599	134.8725	94.5196	106.066	92.65	96.7835	114.5978	103.9224	84.1117	102.2611	237.0558	128.301	152.6292	127.192	144.8044	130.2591	88.2875	134.4992	106.8642	108.0249	89.4098	107.2174	190.6404	107.184	87.0265	139.0316
45.2265	77.4819	93.4304	65.6612	77.5172	124.5936	121.7315	111.7196	87.4339	146.2016	140.8187	139.1512	80.0949	116.8805	100.3462	108.8643	69.4346	105.9455	139.7931	103.2084	108.5978	162.9549	168.1367	195.0914	108.5583	165.809	167.5814	164.4614	123.9852	150.0712	159.4874	202.906	66.2254	112.9253	134.8232	104.7629	110.3817	182.0001	172.1661	188.8456	102.4583	176.574	164.2294	172.3484	122.7397	182.3826	155.7319	186.9907	83.2878	116.958	134.8762	120.1493	117.9474	165.2953	151.8382	182.2144	98.662	139.8802	131.2461	144.8356	142.9613	153.6543	140.8595	199.2949
36.38	42.0142	67.5886	94.2018	39.1582	42.9494	47.5345	100.413	85.6333	61.3073	171.1794	158.4188	96.0291	108.6738	144.7772	221.5525	43.4313	45.8356	44.4157	106.79	51.4283	44.504	38.8788	101.1786	44.4859	33.5677	71.1259	116.8183	91.3498	89.0547	115.5597	221.1736	82.3213	74.563	182.7867	168.3383	67.7811	69.1491	64.4902	122.6947	194.9884	127.9964	370.3638	313.1799	185.8556	165.9681	274.3165	321.5557	92.4434	88.0625	157.298	207.2601	103.9644	95.6838	103.5074	216.382	158.4729	101.6331	316.7496	326.2095	216.3685	205.0854	297.7019	461.6521
18.0208	29.3681	73.8211	45.3858	24.5719	49.7808	75.0154	66.4458	64.6212	117.2208	206.0033	154.8243	29.1537	77.204	112.5164	82.5514	28.084	41.0499	110.3129	49.907	57.4588	110.2939	164.8984	153.5999	83.6044	129.7245	248.8546	159.2703	72.7834	156.2116	232.3132	164.7616	46.774	73.1896	187.7112	101.2599	74.2936	160.8657	211.3814	207.8966	134.1432	245.2616	417.7288	292.8786	76.9193	232.69	291.7379	230.7972	30.1765	51.9281	117.8423	56.6134	80.4381	165.1084	212.4603	202.9834	110.1224	178.1778	313.1838	202.0456	77.9888	186.3775	229.4758	175.8079
164.1237	134.0451	163.9575	107.1266	119.6518	86.8055	135.0084	117.1033	168.2979	119.0025	150.6738	134.2875	86.2692	91.8644	102.8135	102.1867	118.9591	97.6187	135.1564	91.3228	83.1752	61.3458	96.9444	82.3098	135.7396	96.4875	131.5573	119.7783	95.5479	99.7388	110.9207	103.0159	162.1842	128.9102	162.716	109.1749	109.1366	75.0852	115.3291	102.8707	138.4931	99.3289	129.5352	114.1437	109.2551	107.0916	130.7308	112.0782	100.1149	82.7172	115.5643	73.2753	100.5281	79.2133	117.507	97.2068	110.8654	81.954	109.8309	93.0992	86.181	102.5987	108.5564	94.4017
69.2877	67.4514	111.3228	110.9984	51.3462	67.2908	83.2546	100.6142	120.7934	116.8093	160.8587	163.4103	77.2302	109.0608	159.8136	146.1797	59.9094	55.4142	96.8062	93.8819	64.1969	62.9069	87.4519	100.4893	95.0643	74.5116	129.9993	122.9128	84.2319	88.2301	163.9412	135.1758	133.4893	104.1006	196.9746	166.0703	99.1299	104.9229	141.1424	146.9113	189.0812	151.1065	232.1332	201.6188	129.133	150.8223	228.7995	183.6786	80.5067	75.5988	139.4804	110.742	85.3465	95.3803	128.452	138.794	163.75	144.3014	234.5153	194.6259	111.0605	121.1029	208.7624	158.1528
81.7983	122.604	108.5303	85.9356	96.7365	155.2209	136.0842	127.2501	124.7345	144.1976	129.1001	113.0998	77.3573	129.3341	101.072	80.0746	89.2708	131.0417	135.5939	97.7536	130.5411	221.6814	181.3094	154.8421	134.1752	168.1544	148.0769	126.617	101.6154	184.6597	142.303	106.0706	115.2655	152.4393	138.8095	107.2681	121.3615	162.4966	155.2232	134.1449	137.4095	138.5202	130.6991	107.9685	105.4882	140.5251	124.9187	87.3247	79.3122	110.1243	103.2506	70.7611	108.5349	186.2649	142.8142	125.4647	109.7618	133.9973	111.3871	85.6839	65.6039	121.4412	89.3323	63.7599
84.8577	87.5092	106.3488	81.2695	57.2731	74.9935	91.9422	83.8359	67.2853	108.4112	99.4096	87.4133	75.234	94.389	104.8947	102.0276	76.5183	68.3157	71.7814	82.8184	80.8159	118.8684	100.2493	148.6303	67.9791	130.5095	89.4202	127.6726	126.6457	157.3626	123.8706	175.2713	81.6115	76.7404	84.6496	82.18	78.7291	140.9457	125.5123	167.5152	59.7528	131.4175	94.5194	123.8668	95.6781	153.6669	119.146	162.9112	145.8224	108.1294	126.1603	111.7018	116.3651	143.0851	130.7794	180.693	129.1954	147.0761	119.2831	142.7115	183.592	166.8918	162.5992	202.0948
20.1487	55.1079	58.2861	21.617	60.3662	127.0298	116.9411	57.0486	60.4262	156.2359	140.0087	69.0454	22.0902	58.7696	57.904	25.2801	52.4056	137.3805	139.2069	53.724	134.2678	282.2612	250.6212	132.0473	125.1958	291.6226	291.7164	164.1836	68.721	151.9902	171.8908	77.375	65.1016	145.7612	162.8499	63.1589	159.2733	313.0248	321.3593	174.7679	168.6695	344.8218	407.9658	251.906	102.2916	182.8409	259.371	138.1963	38.8368	80.4865	91.7302	27.6574	81.8317	154.6547	153.6307	68.9779	106.5997	193.4172	233.1528	119.7853	56.1553	84.525	126.3691	55.8064
70.9246	104.0905	106.3717	84.3018	96.504	144.7525	122.3996	118.4431	119.8659	113.5158	152.9852	135.3291	92.7456	110.7191	108.1774	93.7556	80.1891	104.3273	138.9579	82.9684	117.3762	147.5033	157.8401	140.0221	125.4354	104.3611	169.9011	105.2134	109.0183	119.7295	154.4062	102.0609	118.778	131.356	150.6628	124.6665	90.0054	117.4468	102.1697	99.6805	171.542	115.8664	185.0329	162.3783	125.7428	129.5372	130.7269	129.3349	101.1483	141.0833	135.0689	105.7808	117.8445	155.024	134.2305	123.8929	139.94	115.0902	159.1939	115.9542	118.2828	126.3082	125.6124	100.6193
56.6933	73.0915	114.0544	29.3326	80.4938	147.9669	161.9672	59.427	125.5547	141.4023	192.1685	56.1943	26.1149	44.8635	53.051	11.8655	92.867	146.6073	175.4218	47.9907	197.7936	564.09	419.2645	208.1219	224.7741	349.2316	361.7286	116.6652	73.0659	207.911	147.424	53.1274	135.0355	178.8921	240.1549	64.727	155.3729	366.5716	302.0384	138.0101	236.7461	290.5785	338.274	106.7753	53.469	122.2573	108.4706	29.8557	32.1085	55.3044	61.3525	14.7711	69.9828	190.0039	145.3157	60.6826	78.7181	117.1707	115.5579	33.5164	17.366	48.0905	34.3475	10.389
372.6555	207.0225	178.4743	318.0547	183.276	95.3833	93.4955	145.8436	201.1902	96.6814	72.9391	141.4334	303.8401	171.7612	165.8446	222.5203	172.6523	103.235	91.1915	134.4548	79.0763	43.2169	40.2259	61.9696	98.3743	48.5801	38.2613	71.0605	140.5889	75.7383	90.2837	112.5	249.9371	117.7942	117.336	195.7837	105.6969	49.893	59.0393	97.1935	127.5528	55.6528	61.3614	107.3323	195.4177	99.085	129.0811	174.6885	338.3286	170.0146	167.3362	261.9058	180.9491	86.2661	90.452	137.8112	249.4797	109.2581	122.792	196.9193	286.8285	146.3566	198.7565	239.4725
216.6722	150.9386	166.6056	205.031	143.7748	79.1237	125.1261	153.0433	162.3661	105.4273	134.632	177.5536	199.8611	141.8624	179.0819	240.1765	107.8646	76.0121	111.7867	128.7112	61.103	32.6366	64.0228	69.0971	93.454	60.9212	92.6389	109.2125	124.9755	83.0931	123.8433	156.7603	163.4979	112.3454	138.1672	176.5821	98.6773	49.498	86.088	122.2698	115.9697	74.9838	97.1026	137.5778	162.6598	106.7238	140.8444	207.3992	183.6146	134.9529	161.9475	216.4747	124.0025	75.3893	126.7927	149.22	161.8992	101.0282	135.7621	183.6011	208.894	171.0501	196.9376	312.8698
47.0468	31.0951	87.452	44.4109	41.732	27.2989	47.8739	47.8726	73.6626	55.9049	180.8683	72.2308	53.4214	28.486	109.0799	55.591	58.8586	44.2559	77.4824	59.9897	73.8124	87.1416	70.6456	108.5385	54.185	46.3518	92.1438	77.1673	89.7149	70.2892	112.0864	107.1456	91.4176	62.0321	113.2469	56.3906	95.2734	83.0857	63.8756	76.4915	183.8529	141.9019	374.7302	102.3359	88.6787	64.2638	138.1987	80.2066	75.5238	45.3202	125.2499	76.6575	67.6057	87.4047	70.8398	95.9727	108.7871	89.1248	232.8193	102.9275	96.9459	69.0481	145.6049	99.7347
123.9963	133.9382	156.4391	109.3487	142.9717	149.6936	164.3776	120.4222	132.3114	142.5216	167.1754	105.1074	141.3045	112.4925	127.0184	118.7598	144.2725	150.0849	161.7989	143.4345	164.0231	168.1428	184.5084	154.3363	167.9851	137.1736	170.0759	139.9131	150.4366	124.9542	148.0248	134.0533	136.0961	139.6499	142.4413	126.1575	126.0489	128.7487	121.6033	94.5551	130.3321	141.1174	136.8506	107.8713	129.8832	103.4444	109.2166	99.6868	140.4373	152.4986	162.4102	112.5698	122.9656	112.7979	131.3441	96.8505	128.7451	123.8986	138.8637	99.8026	142.3227	110.9826	120.6698	103.9333
1.0404	11.2307	7.1031	2.8849	15.1917	102.5802	86.8498	38.859	8.2729	57.487	63.9724	26.817	4.5179	27.0925	20.3178	9.8982	13.4682	142.1801	89.1869	34.9142	145.5091	1001.3585	632.4358	314.3822	73.2975	389.0285	496.1922	171.0514	42.5211	298.4207	213.8539	83.7219	4.9721	55.1071	61.4056	18.5942	64.5294	353.1417	301.1154	143.6067	62.3265	291.7856	404.9581	138.3341	21.4133	153.0598	111.9232	66.1492	3.8836	38.3602	25.4092	8.0503	52.3128	333.8581	175.9909	91.3564	27.9502	111.591	160.1887	35.332	13.5222	86.0361	62.8127	22.1565
57.6768	85.4449	92.7411	85.0838	68.9757	96.8839	106.6	108.4768	88.8034	113.9157	137.9278	134.6349	58.4758	110.6871	110.2514	124.6146	63.673	72.761	108.2164	104.6949	96.3969	155.5296	115.3848	192.0421	85.1115	124.5501	142.7771	162.7136	82.1599	193.4246	123.972	205.8543	94.9946	110.1946	133.8594	90.7543	105.2573	153.2675	133.3837	157.2175	140.42	169.9436	196.3814	161.1352	87.9919	192.3067	143.7279	182.2508	51.0694	65.1825	93.4402	79.9945	94.9876	196.4697	140.8224	227.3323	80.0633	140.3747	155.2877	165.4968	69.6961	217.8952	124.4832	214.3941
87.7055	109.9572	91.9295	89.9167	117.8904	123.4549	82.7982	117.6162	101.2832	118.1876	128.3436	119.8166	98.4672	111.7581	99.1883	84.8945	111.5806	115.5039	105.3495	100.3641	131.4359	115.1899	76.7955	108.9395	98.7242	91.4463	131.1682	103.1318	113.606	115.393	106.2794	89.0841	121.1695	137.228	143.3019	126.1878	125.4752	123.9026	107.9271	121.3975	166.8323	148.1505	219.7511	171.2048	124.9538	122.8978	168.2402	114.98	95.2296	109.4902	84.8291	87.1349	115.4545	115.4652	63.4758	92.4098	127.1931	114.6229	152.5235	115.5133	88.4581	92.9008	86.8546	66.4918
267.845	197.3691	215.9728	171.4731	179.6841	117.5807	143.3743	142.4846	215.024	131.4798	152.3608	122.8405	143.5285	115.9223	148.8092	128.5962	153.2661	104.5817	135.794	115.3693	86.4063	60.5221	84.5942	92.6657	130.3003	77.2041	103.0546	92.1016	115.4668	85.1998	125.937	120.2559	212.0117	125.4387	156.8138	114.7431	125.0014	60.0198	91.5442	85.8122	162.8354	82.7905	102.5468	80.6938	128.1182	73.893	110.919	100.8661	189.8941	103.5819	145.2753	96.2931	110.4996	58.9156	98.8882	91.4075	170.9929	94.618	124.253	117.261	151.2717	79.4077	134.3711	122.489
174.5749	85.744	240.0583	88.6448	90.2212	123.2191	99.4845	108.7359	235.8329	116.9107	269.6525	125.9897	54.3589	111.3657	58.0704	112.3988	98.165	110.2255	128.3679	79.1175	132.4905	237.16	153.1773	146.072	125.0044	105.5119	120.8044	74.6236	79.0911	175.5908	88.0841	132.7165	201.5387	111.9151	261.0342	118.9237	94.8749	116.1854	91.051	122.2593	222.8916	117.9735	237.0572	135.6263	72.2806	119.5257	67.9508	127.0431	62.4913	98.0818	73.2684	53.2351	113.4332	235.0562	114.9587	143.5679	73.4925	82.1627	60.7448	51.7545	77.5606	206.6058	73.2057	161.3168
37.799	77.8708	75.4894	40.507	67.3063	133.4942	132.4746	63.4795	83.0081	132.766	121.2699	56.1119	29.62	77.2996	66.8916	32.3264	84.3308	138.3277	144.1625	74.1429	153.4162	319.5404	324.9525	238.2419	177.7927	284.1661	261.7964	177.347	93.4661	251.1959	224.8783	171.7605	84.4179	154.9712	147.919	82.7313	138.8156	265.6841	251.0626	160.5174	139.8646	225.0854	188.9157	114.8264	68.0083	167.1416	142.166	97.19	43.631	76.3272	75.3511	41.3643	94.9934	216.9164	211.0881	159.9241	97.3996	189.6414	155.1155	119.1052	50.66	162.8665	135.1045	106.1951
41.4414	28.4252	108.7262	9.7051	49.577	76.694	72.1391	22.1129	86.8734	51.4729	195.328	19.7562	12.5562	19.5345	21.8028	2.5303	96.4222	116.4444	168.7955	28.2025	199.5878	369.6495	199.8715	109.7716	100.8255	90.8917	167.1011	29.6229	61.6703	123.0011	57.5428	22.7539	51.5414	31.0464	149.8288	11.1731	65.3223	98.4693	91.4852	31.8259	102.2537	50.5915	241.6321	18.5732	19.8874	34.4882	32.1415	5.3525	27.4798	33.4212	47.0361	7.43	61.3665	108.2289	60.8223	27.0062	28.3532	22.4937	49.4867	6.3916	11.4875	22.9781	10.0513	3.3991
109.0859	62.8678	69.595	102.527	93.9815	73.4316	57.6285	86.4128	96.5523	91.2564	90.876	84.878	99.4952	77.8063	83.0558	96.5251	106.2772	72.093	88.6756	115.0579	97.0351	87.2793	79.0208	119.8351	79.9979	77.4553	89.9242	85.6395	99.7335	91.9825	109.661	120.4828	119.4788	96.5955	93.3258	111.2384	121.2069	118.6352	73.5586	120.4829	129.4329	124.765	111.7384	96.3742	97.5719	93.2321	91.9642	95.2849	99.6882	75.0836	100.6589	98.6263	105.0814	83.9146	97.1512	103.0096	121.3515	102.8793	133.059	99.1005	100.7621	91.0655	117.3338	104.792
91.4192	124.4472	133.4902	56.8905	132.1234	164.8625	166.0766	97.9434	136.9204	204.446	184.199	93.9735	39.2032	80.8484	73.665	43.9251	129.7565	171.3499	200.706	76.0942	151.9243	200.2817	236.8648	132.1777	154.6579	253.0437	268.2552	108.1473	51.5032	126.7304	161.1286	86.6541	125.6239	172.5619	189.3614	74.4688	187.1166	242.3584	273.8525	130.8027	169.3123	267.5847	263.5579	110.4181	67.7532	121.116	120.3021	54.779	42.1179	57.6003	64.7468	20.8123	70.7118	107.702	123.4302	56.749	63.0349	134.1794	149.0697	48.2956	20.8296	64.5706	86.7587	38.414
114.3263	51.9121	90.3935	128.5346	64.5868	35.1682	37.1943	69.3447	82.2129	31.681	46.3318	74.1339	129.0364	68.5329	88.7528	124.0631	81.0519	43.046	54.6543	82.9635	49.4824	23.8756	25.5821	51.6281	49.076	20.5055	25.388	34.8517	99.3423	48.8934	59.4028	88.2252	90.5754	43.8241	58.5824	100.1659	45.9302	25.9291	22.3719	50.6108	50.5184	21.5824	23.7206	42.3526	74.5509	35.7295	49.2825	71.1834	128.7696	69.2719	94.5639	132.2277	73.5786	41.1313	40.6253	69.4291	90.5393	47.1084	47.2866	69.9439	125.3436	75.3821	82.0564	109.5891
64.0963	27.3869	89.1483	93.8571	54.4486	28.4217	32.1056	59.9228	53.5139	17.845	86.4706	102.1522	87.8062	48.6573	99.7198	117.3193	73.845	46.2232	69.1234	98.4443	62.2527	35.9855	31.9855	74.8977	39.8612	21.7364	35.2484	50.1435	97.0336	59.2421	59.9943	113.1523	37.8963	14.9256	58.0503	62.5429	28.8521	19.8443	13.7935	39.6412	22.1495	6.3438	56.6836	71.6046	40.9774	22.2595	76.5496	91.653	92.2813	46.5049	94.6538	113.5274	73.9136	36.5725	40.6293	70.8995	49.4254	12.1266	75.2116	84.4718	108.2661	65.2035	97.3035	129.5093
41.4267	58.3985	52.6051	69.2701	61.6796	67.5202	59.2673	72.319	35.3997	55.9662	50.1792	97.4178	46.4966	70.0291	77.9047	123.9496	65.964	82.5457	77.7299	98.4644	82.8955	84.3673	89.2991	105.4854	61.6616	72.4515	75.7244	121.4245	72.0862	74.5773	94.1796	123.1906	51.893	54.6537	58.0976	93.1564	85.0697	93.5111	87.2162	111.0353	67.3095	84.5554	76.9919	134.7626	96.5241	113.4799	117.3543	190.883	74.8009	81.9191	59.5655	86.0719	108.3477	103.2147	68.3848	94.0587	79.1619	97.8676	80.1849	164.4007	118.4804	147.7058	124.6178	212.2317
20.4029	34.9031	29.534	52.3403	25.3952	41.4874	37.3471	58.5337	18.1532	46.3207	64.1957	72.1334	39.5818	76.5014	83.9957	100.9028	37.6322	47.0552	32.9984	62.4164	54.6591	79.4952	73.474	96.3464	58.1466	65.6754	79.3366	86.1369	74.4173	92.488	107.075	111.8497	42.3398	44.4057	68.0593	91.6833	49.8961	105.3882	76.5167	98.4091	75.5736	115.2261	167.0817	193.7341	85.2187	134.8982	187.0555	195.6898	43.8524	59.8467	67.1765	94.5525	61.723	122.2326	89.4544	115.8148	72.4561	144.2817	167.644	175.2136	76.8508	157.1275	177.2786	175.5027
52.9777	81.3409	31.0609	64.4671	48.0724	83.7011	27.9458	67.0229	44.5459	48.4017	73.8861	83.0671	60.0588	84.8712	63.2199	73.8461	65.6978	71.1753	32.9654	61.7705	64.0688	78.4144	35.5492	65.6212	48.7285	35.753	33.4086	44.0414	50.4791	70.6884	33.5904	44.6206	68.5068	66.6532	82.3243	93.0927	73.9505	79.6123	49.3093	59.3179	98.7	95.3127	170.6187	181.95	99.7831	117.046	164.7965	146.1874	59.8111	75.2492	53.2999	71.4308	80.8874	97.753	53.6147	72.2299	74.0377	87.1905	102.1163	116.4687	68.0864	97.7007	94.0127	85.9607
168.5142	89.095	88.7961	86.7123	94.9354	48.9368	49.5693	58.4354	117.8375	72.3873	50.8056	67.9648	91.0885	56.3882	47.5575	45.2478	120.4472	60.6513	71.6849	59.1302	71.1741	39.8659	47.9277	68.899	83.1885	49.9982	43.8556	66.1844	98.5493	72.816	79.3178	115.6833	125.7116	76.7365	79.1017	71.5692	92.4118	69.8386	63.4041	96.8226	78.2189	68.6815	47.2051	70.6073	100.2353	78.7022	73.0675	104.4564	127.6229	80.9497	91.9248	76.395	90.8719	54.6575	64.2361	84.48	103.7903	75.6612	68.2905	79.6627	116.425	90.9077	110.6381	130.5855
118.0708	93.5983	85.4339	146.6704	73.0766	66.1433	56.1948	83.6736	114.6824	47.6091	71.6847	114.7071	166.4802	100.3185	143.8437	181.7493	72.3555	46.0597	57.2705	94.0174	46.0003	34.4275	39.9871	65.0711	70.371	31.4725	45.8308	84.0787	106.7339	70.556	92.4575	133.4958	128.1186	81.8911	85.4928	154.7977	59.4534	39.1536	37.1245	66.7699	99.1561	41.5518	54.687	96.5737	153.0672	92.9101	115.6169	163.6756	177.8886	122.933	129.54	207.362	110.4947	69.7878	79.9559	126.0637	179.693	77.991	109.7233	186.9846	227.5868	134.6705	183.0254	242.5022
69.5919	46.5425	57.6789	86.3707	72.8585	41.1036	54.2365	64.2015	72.6505	34.8151	46.7821	63.4104	88.6794	57.7852	82.265	85.4568	66.2438	40.4508	56.2356	77.7778	51.5033	24.478	35.6	43.025	57.9251	25.5362	36.4887	50.701	61.0423	36.1727	58.0866	54.8277	61.8322	36.7682	39.2807	67.1438	47.0684	27.2152	27.3819	34.4492	51.0438	24.7615	26.3045	38.6203	57.7333	39.3844	46.2101	46.8168	83.0427	59.945	63.5642	84.1331	76.2145	43.6537	51.9766	61.3751	85.6986	46.5275	54.3996	70.3121	79.6573	54.6398	70.4531	64.3439
40.553	65.9174	59.1554	63.122	58.2373	95.6362	76.0807	85.8013	59.5837	100.6406	63.7753	88.8375	56.2789	103.7236	80.0644	80.8818	66.9664	83.9309	87.9009	88.1629	77.5222	119.4261	103.192	102.9323	75.662	117.2387	82.303	98.6986	77.4737	123.7357	110.5553	94.82	55.0684	82.1582	74.807	84.4943	79.3768	122.8277	97.8999	111.9487	59.4427	95.7329	61.0967	84.3387	71.3178	117.8007	93.0243	99.2407	57.9528	81.6343	74.141	76.2845	80.0574	130.5599	96.8649	100.826	73.1768	124.1673	75.018	89.2149	67.3084	117.1166	88.1069	81.3
87.0381	45.382	77.1816	132.8079	61.2048	29.7463	44.9342	74.1894	81.8482	30.0296	62.4945	93.7625	127.268	71.6035	126.0581	175.7347	71.3755	33.1888	62.7768	96.0803	41.936	17.0914	32.2791	50.2492	57.1954	19.8138	42.4332	69.8313	87.0835	36.0989	84.7239	111.6049	76.8883	39.0717	61.6733	115.9809	42.562	17.0313	25.5683	47.0869	59.9281	22.8189	41.1048	69.2334	99.7904	53.7545	88.0079	136.3436	128.0617	61.0491	104.6934	160.1516	86.6209	36.0955	52.6	86.643	123.1323	49.6182	91.8995	133.1145	169.3979	93.5768	160.6237	212.1458
29.8708	25.2339	56.0085	56.9398	38.9564	36.5447	53.7201	76.3434	49.398	33.3984	75.8359	81.5345	65.2609	53.4844	102.5729	117.5009	40.4821	41.9806	63.5495	81.2556	41.713	38.163	58.1629	85.7303	50.1173	45.0329	67.0261	108.7989	81.5902	76.2688	113.5692	155.3383	33.2303	27.252	58.1258	68.1193	37.6091	30.6222	44.1634	74.432	49.2025	30.0724	67.1319	80.5105	79.6239	69.0068	112.4817	154.8958	72.8272	59.1701	114.71	115.1655	82.1481	65.9023	95.9277	141.7328	95.3798	62.9134	123.0543	155.3768	145.0333	116.7653	184.6091	232.736
34.1798	21.6449	41.7826	68.0095	39.3182	20.2607	29.8844	63.0155	37.5643	25.0197	39.7521	76.032	81.5422	56.7792	77.8732	142.9465	43.0686	31.2978	47.1427	85.8214	35.841	17.9232	25.7605	56.0466	38.5542	26.7823	37.0556	71.4757	86.7179	57.4595	80.2997	140.2328	36.6314	30.7139	43.3352	80.2313	38.8331	23.662	29.2608	69.644	35.9632	29.9589	35.0155	81.1419	83.6469	70.5246	73.9742	161.1273	82.9885	63.7971	90.9481	152.6914	89.9265	55.1635	62.8285	142.4553	83.2994	55.2228	73.976	138.7965	171.76	132.0209	141.0991	272.1634
87.4596	98.8974	98.915	107.8365	93.8142	86.9554	81.718	118.1883	125.1106	101.2997	113.6095	93.7606	87.1038	107.5072	97.2018	108.2009	85.3	92.7724	92.4599	101.2947	77.0532	70.6829	68.5405	94.7518	102.0643	77.6857	89.8364	68.0634	97.9451	113.7277	107.7377	106.4867	125.9401	118.4076	144.1284	122.9767	100.1902	79.7979	83.3032	111.45	138.0463	99.1638	124.5639	94.9305	88.8944	82.8885	90.9707	82.4802	90.0743	98.4182	93.0498	91.7867	95.807	94.2471	89.7306	116.4194	122.8149	101.6416	98.6659	85.0341	87.2755	105.5746	92.9395	92.1331
18.6777	28.6244	26.6745	34.8571	33.4776	30.7091	36.0159	35.5332	29.2982	35.3497	27.0767	44.3352	49.2578	65.4906	58.5597	68.7976	31.239	42.4413	42.0434	55.1966	33.3537	27.6882	33.1584	32.0444	34.1034	38.1886	33.927	49.4957	46.9559	58.5864	60.8571	66.2246	34.9664	44.61	45.2702	70.8038	54.5498	40.9657	45.7718	61.0818	43.9175	47.3687	40.1766	69.793	70.3564	85.0726	89.0025	108.7278	45.1199	60.7634	61.0567	86.1883	77.2791	64.5917	69.2832	81.2681	77.3351	85.1842	71.739	119.3606	88.7461	111.1284	108.5008	126.9452
165.5014	117.8032	75.6512	72.6594	140.8106	81.4326	55.8201	52.7268	90.9946	48.3072	45.3027	74.636	111.0447	67.036	47.2243	61.0109	128.221	83.9295	62.4066	51.3416	85.3999	44.3755	35.1595	23.9999	57.0782	23.4462	26.5832	38.4044	68.8928	35.9476	28.4514	33.5813	92.9705	61.0747	45.4167	61.2057	59.5978	30.9179	24.8249	37.0654	53.6554	29.0944	27.3182	53.0169	102.7801	55.8472	51.2902	71.289	146.247	109.6821	74.333	86.2721	99.2627	58.3092	37.9448	47.513	73.5626	45.0012	39.3125	71.0853	109.9632	65.666	52.7506	68.4803
92.3269	91.12	56.1522	49.3626	99.4706	79.0021	35.7044	45.7623	52.7637	54.2816	47.8117	50.8619	77.5557	69.8499	60.9941	57.6882	106.0564	90.9555	48.6112	44.0181	91.9813	64.5846	27.276	33.0505	46.593	38.9132	35.643	43.6592	74.303	59.3838	50.0545	46.2677	86.2084	78.627	60.2406	81.4558	84.5902	61.6276	44.8293	61.6452	89.1218	71.8164	79.0601	101.4769	112.2599	81.7961	114.6477	110.152	105.459	94.8781	79.8031	87.0073	100.7654	74.9663	48.6709	61.3531	104.6475	87.5002	99.9471	116.9653	103.8507	78.6597	107.7902	95.1281
106.2229	85.0613	96.1701	104.7584	79.1374	49.6889	64.7262	80.9771	105.5743	81.0025	83.892	116.1159	96.0766	78.7438	114.584	124.1998	61.6461	48.4575	70.7062	81.7655	40.0073	23.478	38.5804	51.1248	62.0093	44.2164	63.8763	94.1702	69.8611	45.4553	97.6961	103.5303	118.3257	80.552	106.7589	121.7832	73.2468	40.2312	63.4996	83.9852	109.0788	63.8247	92.472	132.5409	137.8919	77.3787	159.3974	174.1322	125.6995	81.5359	123.1267	123.9593	70.4077	40.244	71.1589	90.725	150.2104	88.3025	143.2842	190.1164	148.8077	80.5111	188.214	190.1951
33.4009	51.7807	33.8883	36.9355	61.965	68.6867	36.6272	56.8547	55.5513	74.036	59.7194	66.9093	54.0492	61.734	71.3837	65.0807	48.9287	69.0409	38.9247	49.6014	68.1174	69.7306	27.8853	57.8103	46.2458	57.509	46.521	61.8204	66.3192	74.4412	68.4103	74.5975	64.7893	87.8818	91.0209	89.529	92.4302	96.2828	70.4845	95.1407	107.3132	115.8698	138.6647	145.1598	108.3377	93.7213	174.4109	151.7425	61.8464	77.8313	86.3245	79.9891	75.7417	73.4225	51.8153	71.2338	123.2787	125.9312	170.3545	168.2317	105.3872	90.2944	167.0605	134.5962
45.6579	72.8721	68.4342	71.1534	77.9998	101.2649	69.1353	95.5068	75.7578	99.5525	113.7614	112.2384	78.4511	109.8948	102.7733	94.711	65.4354	99.5556	78.6713	81.7679	93.8453	116.1332	79.2611	101.4024	68.5637	92.5309	58.3291	78.9593	92.255	124.4617	88.6636	92.4925	72.5082	98.2652	107.251	107.894	103.803	109.6273	101.5745	123.4443	112.8222	133.6154	167.9912	161.9991	118.9398	137.2467	157.4075	138.3243	76.3222	114.6615	87.9762	98.467	114.149	134.3528	97.961	119.5978	99.7806	130.5206	120.0451	129.5866	103.3147	130.3099	102.3769	103.575
10.5201	37.9057	23.2409	23.4044	33.3253	90.352	53.4468	68.3949	32.0528	72.3003	66.9081	58.9494	15.2823	46.3515	52.2131	43.4148	23.9912	84.4673	42.2374	44.9136	50.8207	146.5309	68.9953	107.825	43.7012	103.9565	80.3663	66.2488	23.1529	91.8599	83.2598	69.9425	30.7257	86.691	66.0485	48.7796	78.588	158.7455	106.5457	98.5954	75.952	159.786	150.891	113.7235	47.7698	99.9935	135.6628	88.7287	14.9246	45.5963	39.4452	24.9143	37.2307	85.6157	70.6223	62.5288	51.6503	119.0908	118.9482	78.5613	27.098	68.3473	91.6128	53.1275
5.3284	11.8038	20.4285	28.5281	13.0382	21.4068	36.0322	44.7905	20.2457	33.3706	51.0249	80.2234	23.4253	52.4071	75.9296	97.3076	13.0265	21.8976	42.5201	52.5222	18.4691	27.8693	58.0129	67.2459	28.3436	41.8634	76.0189	113.2811	40.2438	60.6701	111.6208	135.2038	10.1819	26.4138	37.625	63.0294	22.3466	39.985	62.644	85.8885	33.3813	51.3833	71.9122	121.7352	49.5287	94.1564	143.3573	189.0384	22.4112	45.3289	69.5425	94.5901	46.2245	74.1782	117.0407	144.4472	57.2971	94.1929	128.8376	203.9848	77.0826	142.5091	201.9255	250.5722
43.5905	46.5008	80.7252	64.6942	39.8161	47.6076	62.7079	81.2807	57.6939	82.368	94.8134	77.2217	61.1285	83.9116	118.5914	125.2343	61.4914	60.9639	83.786	110.0033	65.4023	65.5256	85.3948	116.1946	80.3394	92.0366	95.5322	111.053	86.1356	123.0287	159.3167	174.1351	70.7341	63.6407	100.4013	95.2714	74.8607	73.5749	93.15	121.7713	76.3655	95.6666	98.4275	92.431	77.3876	101.975	129.9067	128.8663	70.8815	62.4593	97.1821	97.9293	95.7382	100.3711	123.0298	159.8836	126.6607	146.4488	149.0109	166.5222	104.7564	160.0695	195.2423	208.8841
90.0265	61.8416	110.7047	69.323	75.6094	46.1786	72.4213	57.9453	73.1439	70.6707	100.5397	60.207	86.7795	55.4743	75.7856	54.9957	90.8968	61.4595	92.9802	73.143	78.7757	64.6684	79.4425	87.0652	80.0686	61.1722	78.2525	76.368	103.0352	87.6536	81.6512	93.5871	73.2914	47.9796	78.2298	62.4121	71.1727	55.4573	69.6433	72.5686	59.7739	50.6598	68.7713	54.2774	78.5997	58.2623	63.3975	62.5172	112.6631	76.8174	103.6999	83.007	93.5493	67.9632	82.705	77.835	71.1757	60.2145	70.6012	62.3124	103.9951	74.7268	69.85	72.0733
13.2996	22.7612	41.0203	22.1681	28.6906	31.2855	59.8769	40.6615	35.8742	45.8238	88.4756	55.9233	23.8772	27.2579	55.7963	28.4855	28.8431	44.5632	73.3646	41.3187	43.2674	44.5442	74.4762	59.2663	54.4391	66.3897	110.6169	70.5308	52.1018	53.16	94.109	51.7643	27.7995	51.5416	82.3452	47.1588	50.2014	58.2621	97.205	70.0664	57.2577	82.0108	132.6642	89.8625	44.3446	60.4187	104.351	56.9079	26.0507	43.5208	64.6103	35.6103	36.1938	41.5878	71.9626	49.3904	51.3141	66.8626	107.9405	59.3587	32.7088	36.3606	70.1728	32.3996
115.7136	102.019	118.4908	126.644	95.0338	85.4055	96.4959	101.1654	111.2196	109.0022	102.8649	119.8269	98.5277	105.8124	136.1345	116.8537	75.102	83.803	88.4077	85.3304	74.2348	80.8936	75.1337	72.7895	73.6743	80.1431	71.689	78.1639	84.5271	87.986	104.1647	82.8451	108.4701	96.9081	98.8248	105.7102	93.5707	99.5213	81.3559	91.9949	91.6772	93.1601	74.9515	93.2128	96.2952	114.3645	112.4253	99.5731	91.5624	91.1792	91.1537	83.6057	89.0021	107.849	82.6488	84.2232	112.6767	118.6401	101.193	115.3634	89.0702	108.3289	105.5807	87.2237
35.0803	14.4724	62.3589	31.8689	30.9042	18.3126	36.9802	41.3761	55.6277	19.5775	75.0734	44.784	50.177	28.5551	68.1119	46.4009	40.6135	35.5314	64.1149	58.3013	47.0924	43.9574	49.2327	80.033	50.7744	27.1558	58.8135	49.222	82.7664	80.1608	92.7197	119.2067	54.3911	19.0856	78.0662	38.732	27.0327	8.3899	33.1127	28.6494	65.8104	16.781	72.2077	37.1795	47.1007	14.1067	66.4282	33.442	62.6093	47.9	96.1696	76.5684	71.039	65.2952	73.8777	102.1327	87.8862	39.6886	100.6307	67.9935	97.628	92.6934	114.8818	118.2962
23.9142	28.2972	37.6712	40.9006	28.56	22.4322	39.166	42.4093	40.5006	37.4887	44.681	51.3531	57.0219	50.2838	70.3358	67.3796	36.5736	36.4487	52.2223	62.0166	37.4691	27.0004	45.9145	53.7171	54.1152	46.8224	60.6567	65.4542	69.0002	55.5549	87.7449	78.3909	43.1835	45.0986	61.5288	76.5364	53.3757	42.8384	57.7801	75.595	57.7603	55.7213	57.9167	75.7679	74.6092	65.7121	83.846	92.1913	50.1822	55.3489	70.7816	77.9159	51.4684	38.5244	59.7044	73.5972	72.8609	62.2493	77.1287	85.7318	79.5071	66.1189	88.8886	86.9275
33.3632	46.7804	46.9171	63.9122	45.9226	53.5492	53.9473	62.6308	52.2181	59.8511	48.5677	76.8875	71.1575	87.6679	85.0543	97.2148	41.4798	56.5533	58.3975	71.0416	44.0948	51.1445	52.0423	49.5647	53.141	59.0815	52.4471	75.8131	72.9485	81.0498	83.4887	89.8097	48.5365	65.6669	61.9713	88.32	54.7599	61.7719	53.8037	68.9008	53.5402	59.3769	44.5774	76.9823	89.1297	101.2382	87.5686	108.4102	65.6795	90.41	83.9782	109.3098	76.3914	87.4845	80.8743	95.9907	83.277	96.3388	77.1857	120.1358	101.644	117.3016	105.5553	122.1031
16.1109	57.0442	33.8815	22.1534	66.3737	157.0332	113.0979	74.9429	44.8865	111.6339	72.8594	48.9299	20.6935	64.5451	56.874	28.7583	57.5671	182.2798	121.0432	72.5208	166.1955	354.3282	276.5262	166.7856	131.0601	290.7449	208.201	126.3206	60.5595	162.8192	154.9837	70.584	43.1144	136.7082	85.1783	50.7167	131.3786	279.2792	212.214	123.3978	96.2429	208.5417	142.1645	86.3092	47.1189	127.8842	111.5717	52.6417	19.6041	57.1228	42.5605	22.2411	67.1618	142.6432	124.6321	63.4768	61.85	130.7816	103.7325	57.0477	23.1004	60.9734	61.5324	25.1036
17.8329	43.8113	40.849	32.9959	44.3659	101.3323	96.757	47.5664	27.4093	78.7334	74.5232	39.3922	21.4049	74.7995	66.328	42.1242	64.9798	124.9487	123.4272	80.4718	172.9636	338.1953	298.7906	141.8311	107.5896	280.9705	237.2499	132.0183	61.2343	153.3905	134.2922	81.7575	38.2786	89.062	79.4287	54.9797	131.213	287.2394	220.6248	115.7995	74.5091	207.2712	155.5906	92.7626	52.52	140.6807	107.8622	67.7909	27.3936	59.155	47.0969	38.8563	78.3903	173.8803	155.4071	79.6257	54.9517	145.404	113.8629	66.4665	33.7172	94.774	76.9046	44.5286
40.727	52.4626	67.2434	73.3199	64.2134	62.9538	91.2385	76.4213	63.3873	86.3638	102.5971	85.9578	55.9911	86.6179	122.3233	91.3356	74.0048	83.1036	101.7116	109.5273	88.4545	75.303	100.8702	86.5636	84.658	101.33	119.0922	100.5831	66.3605	95.5298	123.5264	93.3483	55.4757	71.2236	91.6507	93.3702	94.3235	95.6992	121.5853	101.7644	75.3161	107.9489	122.843	99.9231	62.014	100.9163	133.0596	89.4327	48.2605	66.5265	73.3339	67.9153	85.0216	85.529	111.7789	84.2696	82.3913	115.9963	133.8206	102.4725	59.5342	88.747	116.8574	73.2631
12.6324	30.6416	27.3324	22.1187	29.504	57.1568	60.9432	50.6956	15.5362	42.6753	40.4089	46.9838	5.586	24.7703	34.5436	36.4596	43.5517	88.8788	70.6305	48.2102	94.4783	159.1604	144.8114	91.886	59.4983	125.7711	109.9982	92.2246	19.9629	60.9562	79.1405	66.3857	18.241	44.6385	38.353	24.7663	45.8572	86.2715	88.8453	60.2966	23.8139	65.7933	63.7818	54.1786	12.187	55.3502	75.7014	64.3009	4.1915	9.6006	11.7907	6.515	14.0226	34.8247	61.867	29.0655	14.2319	48.915	61.0474	43.5707	6.8257	52.2063	68.7051	48.9437
115.5641	56.0366	123.1765	93.7719	70.1752	34.0094	42.8072	49.87	107.2872	78.1868	106.4412	102.3789	94.8248	47.1458	110.2216	83.6356	93.2875	32.7475	69.9361	61.9062	58.4755	22.0401	27.6195	35.2322	56.6173	30.8148	43.2258	43.6719	73.216	33.0122	65.9038	49.7145	123.8463	64.2699	117.5827	93.8158	90.4995	50.541	45.8981	60.7701	108.1728	77.005	91.4307	89.2122	108.7248	55.2404	108.3907	78.1669	118.2211	55.8663	108.221	74.7934	64.2832	30.9276	29.0388	34.7814	123.2604	73.2495	109.2639	98.7306	91.086	41.1588	95.7948	63.8088
87.5689	61.1608	82.09	122.2115	68.8163	42.8835	62.377	80.4685	94.5893	59.5645	79.2808	102.9209	123.6891	87.8019	121.0138	135.9502	77.2485	43.528	73.9781	93.1432	52.9098	25.6939	45.1038	55.8924	76.5642	44.3237	61.7647	79.8289	91.7729	52.2393	87.8107	87.2633	97.0466	55.1966	82.6235	109.6635	79.9635	39.0175	62.0853	75.0753	88.7762	54.3221	66.1088	83.7612	117.9765	68.3267	101.2316	103.5015	113.0879	76.7247	105.1513	138.6113	86.6718	50.5233	78.3259	94.7455	120.7783	74.7812	98.9874	118.3282	124.0335	81.2814	119.3875	119.3122
225.4526	87.8655	91.6318	230.5176	87.655	33.2391	49.4217	89.2671	95.9381	35.6705	62.5343	83.0356	188.6653	78.358	137.3208	199.4915	106.1148	42.3114	68.1047	109.2058	61.2252	26.1441	36.4974	51.7422	71.2344	26.6952	39.4965	56.1266	99.1871	47.8167	80.9956	97.4379	134.8589	37.4706	48.7376	100.2074	51.1628	20.0312	35.4155	47.0376	76.8118	18.1821	36.6343	49.9104	109.3642	38.473	63.9396	77.4789	194.1589	76.8395	97.2774	169.6011	95.3228	47.003	62.895	89.4418	127.7887	53.7449	89.4994	109.7688	163.4875	79.8788	139.3105	154.9805
73.4216	54.6266	53.5821	104.0282	68.6865	33.6939	36.8959	68.8654	52.7521	40.022	26.5856	61.7103	80.9052	71.0052	62.1924	110.4679	66.7354	48.2575	48.3467	86.5508	41.138	19.6682	22.3346	40.4535	37.6822	26.8591	17.8301	42.569	62.573	47.5177	42.6244	68.659	49.4576	38.2303	31.6935	67.6129	44.4839	23.6986	23.2969	46.2165	24.4951	18.9159	10.5263	28.9271	53.0243	41.0353	31.4345	59.5205	77.772	59.2848	54.8819	90.1501	65.6065	34.0904	37.1792	65.2797	43.2733	41.1766	24.8292	54.219	71.7546	62.9475	53.8852	84.0939
65.2034	48.1645	95.7638	93.2304	49.1906	26.0178	55.2564	57.6546	88.497	73.3868	112.1108	122.9546	95.1533	71.1689	120.8799	102.1627	43.8085	34.0854	67.7594	63.3136	23.028	12.7455	28.102	28.745	48.4213	37.4843	61.2131	62.0764	51.6683	37.879	67.7636	55.9179	67.9251	57.4438	100.3496	105.0096	64.7491	36.2979	64.3508	77.2529	84.764	75.5942	102.0597	116.9557	100.2303	78.3642	129.3679	111.9194	69.407	59.5116	109.132	100.957	62.0939	33.4239	67.6162	67.0955	92.9164	82.131	111.2069	120.7071	81.2156	66.0907	106.6263	85.4343
95.2212	91.7489	102.6595	103.4665	103.4047	73.0852	75.9549	100.0738	105.3146	98.4654	89.4597	120.9012	130.9479	99.9537	114.9071	109.6755	91.7903	80.7319	89.8985	93.1616	72.2074	45.2385	48.9498	63.1564	69.116	58.0226	49.9704	66.7601	114.8713	78.1481	88.3501	86.6412	102.5913	100.8142	103.0094	115.4465	107.1186	73.8527	72.3367	107.3113	95.5903	86.4469	76.6665	109.0475	144.5678	108.0974	127.5829	126.5659	134.8291	124.6144	139.9346	143.2472	113.8066	77.363	80.9129	107.9594	131.3168	115.9603	104.0517	140.7894	143.567	104.1844	122.2517	116.7953
75.3498	69.367	77.7161	95.6571	57.8475	61.6915	45.9973	79.0819	88.7344	75.15	61.6791	98.8921	88.3047	84.6296	77.8284	88.5377	68.4255	47.2876	71.1366	82.3282	58.1898	47.4688	47.5245	77.4197	63.9891	49.0506	47.5947	73.5994	100.1314	79.5452	95.5275	115.1479	92.9925	68.6651	86.7335	102.1283	75.6674	58.6164	58.8349	98.4738	80.2493	59.9924	55.447	86.8936	112.682	89.2537	106.3305	131.5216	116.4836	81.9974	123.6226	128.7657	97.8487	69.8972	80.0679	119.8272	127.9554	96.9504	97.0643	141.273	148.1297	109.4647	144.6658	166.9217
123.0676	57.7109	115.6448	121.3086	56.9213	26.607	41.9694	49.628	86.8286	62.3705	77.5253	94.1114	105.8912	67.8402	109.7528	98.0739	84.9139	36.3922	70.4893	74.2749	36.7721	18.7799	29.0476	47.379	42.7025	29.9555	36.8769	53.6744	74.5816	43.0382	72.4336	88.0847	92.6009	43.5436	74.0697	86.634	62.1589	35.3822	38.853	57.4385	51.5801	46.8981	42.4722	56.4918	92.2427	57.0579	83.5167	90.8814	134.7456	60.5046	107.3024	116.5179	85.1855	30.019	44.5943	53.6558	99.9102	73.3936	72.464	95.4768	129.1796	74.7408	106.9707	111.7833
58.794	50.7197	64.7167	84.9149	54.7872	32.3395	60.0766	68.5942	45.7277	36.4012	64.8351	81.9878	82.609	74.2735	112.8354	120.1797	65.1593	49.5595	63.7184	87.9439	45.1453	23.0987	39.2962	50.482	46.6994	33.6653	55.0115	78.7909	72.6845	52.7954	91.7665	102.8175	58.8562	47.5435	54.2748	83.9103	60.1384	33.4963	44.5221	63.3182	44.8832	37.3445	54.3526	84.6981	90.652	76.4649	108.0063	139.3968	94.3422	76.2316	88.1642	139.3134	99.3009	60.5211	76.0401	102.8951	97.4885	82.8628	102.0152	152.1647	135.5092	121.4518	153.8179	191.8204
45.4118	49.8241	69.2663	77.005	61.5026	44.7999	74.8226	86.9972	68.5437	64.0367	80.4741	105.5272	81.7096	71.297	106.9608	116.7563	50.4482	52.8189	74.8109	87.7014	45.4956	31.0664	56.0399	67.4635	69.4965	57.8126	74.8396	102.1082	78.491	64.0942	101.9521	116.1469	61.177	66.4483	80.0338	106.6327	62.2108	42.5237	70.448	92.7032	68.4656	62.57	71.1797	108.4101	94.078	81.1741	109.3416	135.4719	77.8344	83.6826	96.1837	123.1329	80.078	54.6134	87.144	101.6169	110.2451	88.1899	100.2812	145.7639	111.9482	92.9667	127.9498	143.5198
49.4454	63.3014	33.9587	51.5995	59.3524	58.9613	41.6821	41.1791	42.7598	48.2876	38.4852	44.3024	54.2483	73.5158	47.8806	45.6721	57.0543	69.3125	42.8682	57.2478	48.5403	45.9055	42.1336	36.6126	56.2945	56.6492	86.7042	72.7849	41.5435	54.2023	55.6779	39.6309	71.7999	79.2642	57.4308	81.6733	74.116	64.7748	71.1475	57.4354	109.9864	92.2211	148.989	139.0052	89.8058	101.2357	107.8471	90.0209	55.6292	65.3872	37.323	52.6274	73.6972	65.7895	47.1862	44.8589	73.2317	64.3943	72.8566	70.0328	54.5016	65.3782	51.938	42.691
93.2156	76.2553	34.1995	75.204	95.3082	56.2914	19.1395	60.7415	35.9145	35.5498	28.6161	53.8078	79.1247	56.8096	39.3324	61.115	95.7679	73.026	26.6736	68.3126	70.4074	39.1035	9.413	40.4318	18.4449	16.8381	13.5772	24.0486	57.0564	35.3872	21.5006	36.6499	66.6266	53.1123	37.1125	59.8563	66.0212	40.9623	15.8132	37.1751	58.0295	43.2127	47.2498	73.4153	83.3975	69.8569	61.1728	77.6764	95.8943	76.2325	33.6406	67.7308	94.737	57.8295	14.0927	43.8771	57.1928	48.0141	39.6017	67.0903	79.9321	66.6629	38.9715	57.7883
50.8801	57.9315	54.4949	72.9514	62.2694	52.3378	64.5842	76.3746	47.0989	46.9039	44.0537	47.3241	76.2031	73.568	83.1183	93.5226	57.6255	57.8123	48.3407	71.3753	50.9005	38.0124	46.9726	55.1011	56.917	45.6423	43.5852	53.1535	76.3366	65.075	68.5191	78.4983	53.6396	55.3584	44.2055	60.3776	52.3637	42.7117	44.1938	55.0637	41.8686	38.4072	29.6769	39.1896	60.893	50.1229	46.8361	48.3102	68.2623	80.6197	67.151	82.3977	67.7627	60.1443	69.3482	74.8036	73.8614	75.4489	64.5113	70.8773	82.8175	84.1047	92.1825	91.3127
82.2416	28.5361	67.4739	72.5113	59.406	27.6677	42.9527	31.8263	64.2601	36.2207	45.91	56.3224	68.7011	36.9999	58.0129	50.5877	71.7365	22.0857	48.6326	49.5248	43.3423	14.0355	25.1432	20.1987	51.0893	25.8268	33.8884	41.0644	37.6357	16.887	26.2262	22.543	67.9731	27.6846	48.7983	46.8769	53.645	21.2643	27.8355	20.9428	47.6109	28.9786	28.7366	34.9145	57.0638	30.5672	40.1434	31.6444	76.2195	47.523	68.6383	62.9599	62.9737	32.5869	48.6002	34.4368	57.4054	36.0254	43.3014	46.0584	58.8775	40.3824	49.91	38.9642
46.3034	53.0844	78.7498	50.2847	37.9501	53.2885	45.7742	61.0117	91.3904	95.511	125.4159	94.757	45.3211	56.242	49.4017	45.6245	38.2122	41.0761	62.2588	41.0608	29.4042	43.1049	34.5149	54.7484	48.1326	48.5379	59.0099	54.747	40.3285	58.3237	43.5845	50.035	86.9022	83.1031	140.3901	83.2075	79.9106	80.3374	83.847	92.4778	140.1616	136.5775	190.5802	123.0041	76.2737	86.3382	78.7014	71.0586	37.6802	42.8239	60.8568	39.3416	31.9577	50.8582	33.6344	56.3168	49.1146	46.9451	60.9543	46.5779	27.6011	47.5032	27.0286	35.7341
68.4692	64.712	77.7106	62.8061	73.9163	56.0205	77.9319	62.5989	74.4092	66.5391	64.6964	61.5949	91.9759	76.2556	71.9496	78.3927	75.0467	71.8841	83.2283	80.6151	67.8875	52.9818	68.5572	77.9389	73.0766	67.2218	63.4774	71.5589	104.8158	90.2272	80.6074	115.4375	65.0609	57.9182	68.4916	67.6952	70.9658	49.4701	62.0387	71.3269	50.9402	43.6752	40.3049	46.5477	81.5961	67.6728	60.26	80.1921	100.194	101.1119	103.4438	100.2831	97.7567	71.4194	87.0873	89.9189	84.0112	76.227	62.0942	75.1557	123.5966	101.9032	90.295	111.9471
25.974	46.7008	39.4356	27.3506	35.2682	52.6292	56.373	40.6157	43.2204	60.4468	52.3147	46.7482	31.3822	44.2656	47.7329	33.3104	25.0291	42.6588	42.9374	32.8856	23.152	38.0739	41.1084	32.6837	48.9879	61.3581	62.6543	57.592	37.9202	47.3699	63.2378	50.4912	58.3495	81.3436	78.4266	57.1987	48.5047	66.9807	74.9518	61.6686	82.2945	86.292	87.0805	76.2105	61.4022	69.849	84.426	69.6608	38.3998	53.1223	54.9721	35.5356	33.3261	41.5009	53.1399	34.1334	69.851	66.1651	82.5769	53.2963	49.832	48.1175	77.4728	49.2522
13.3748	48.0651	27.317	16.6387	43.2061	132.3253	86.6603	51.7828	26.9878	95.7765	44.805	33.655	22.5957	60.631	35.5969	22.0747	43.251	134.4686	81.8284	53.3346	112.5031	289.7956	191.2579	140.5254	74.5627	241.5992	116.2432	94.2456	74.5301	151.639	99.1625	74.4982	27.5608	91.9195	55.8658	39.7879	97.8128	256.2503	168.0604	132.7106	52.0333	172.4161	86.282	69.6198	51.0583	102.4565	64.8906	51.228	26.8791	75.0591	45.646	30.3921	58.7019	143.5729	93.6325	60.0819	33.3467	104.28	50.6634	41.7398	33.6687	74.1163	44.6133	29.3402
41.9919	32.4673	57.7331	56.7968	24.708	11.3162	48.274	38.2557	51.5812	24.0215	58.813	70.351	73.8888	37.8349	78.0048	89.1824	20.864	13.7807	29.5387	28.5419	8.6881	3.4377	19.0053	13.7738	45.2455	19.4573	61.7248	66.8375	46.6183	21.9142	58.7502	58.5198	70.0754	43.5418	82.9977	101.7099	25.1117	8.9142	44.4428	39.343	88.4271	31.7681	91.1066	117.5347	115.8838	52.1394	123.5787	142.6051	87.4056	56.1058	101.9601	104.8696	37.04	14.4193	64.7388	54.7741	111.2609	44.2794	117.6558	135.4101	131.3132	58.0986	134.792	141.0857
6.3752	17.9378	21.2373	11.3724	19.0369	33.1569	54.809	34.376	27.9287	54.3042	71.3952	43.9649	18.7849	30.4248	44.5744	24.0633	13.6262	29.7737	46.7868	22.2792	27.2567	39.3213	77.5229	47.8321	54.8235	82.6023	126.7977	68.475	34.7072	42.9769	84.3706	37.1392	24.7513	52.7567	65.6123	30.7732	44.6926	72.1655	127.5928	77.5357	80.3769	120.0507	165.2506	85.1502	53.6965	63.7772	107.9041	54.5867	21.0733	42.9639	55.8685	33.5331	36.3037	54.3672	95.3863	54.511	55.8901	85.4662	127.5165	68.3821	37.2811	56.1326	79.6438	41.449
32.1477	37.1033	47.153	14.5889	48.053	38.0282	57.683	26.4538	52.1625	42.8833	55.3666	45.6811	37.1709	38.9857	38.4969	39.6121	47.6729	50.5004	76.69	37.8602	56.167	40.6781	66.5339	44.289	63.356	54.8529	70.3803	70.3012	62.3071	63.0501	66.9316	71.2491	44.8297	55.3372	61.719	30.0993	51.8175	44.264	59.6394	42.0047	51.9049	47.0298	49.9296	58.3756	76.215	82.1207	68.6511	84.5026	58.0196	70.9587	80.8264	51.0266	77.5446	65.153	82.9754	65.5492	63.0508	61.9115	66.9296	80.0498	84.5087	89.9069	79.5219	87.1318
113.7369	81.4032	108.1346	83.3311	70.4827	40.6045	66.2815	67.5578	71.0055	48.2958	83.183	100.4742	66.966	37.6883	65.6756	71.5718	70.1579	42.0768	70.0332	56.7319	35.5257	15.8665	33.3497	35.6523	31.9879	19.0174	49.6103	54.4609	51.7268	21.7366	51.3232	52.7638	35.9447	30.6235	46.3413	48.9267	28.4745	17.4091	24.7434	38.6186	31.2724	25.2068	48.3822	84.9115	48.0356	41.3472	52.7819	98.0301	48.7652	33.8469	58.5116	54.2882	27.5226	16.6918	26.5356	45.6627	31.4824	19.0138	42.5085	56.3844	44.4449	28.3195	52.4293	76.3626
114.9411	137.47	77.551	101.7575	112.1167	140.3597	85.66	151.0542	76.6416	86.3113	58.7067	103.3586	91.8523	100.2292	90.6219	123.0027	131.5566	137.8779	100.663	122.3123	141.1498	140.1028	99.4813	151.8601	79.4338	100.8406	67.6838	118.7118	122.1005	136.3852	125.2587	169.2762	79.7638	107.5734	58.3756	82.5903	107.0177	127.8976	75.2856	123.7631	61.7688	93.2519	51.4465	93.2828	89.4095	128.4932	99.3528	142.147	88.5968	110.8053	89.8298	112.8934	100.604	121.2252	82.4544	141.657	78.3908	123.0003	85.2799	143.0905	101.3608	137.2451	136.0749	185.9253
18.7404	21.3195	32.4556	21.3425	20.8485	16.9648	33.9034	29.8765	42.1421	39.7791	56.8905	47.1684	31.3856	28.7293	54.1888	31.2689	20.0156	22.4805	46.4188	32.4806	20.588	15.9186	39.0843	33.4012	48.2319	40.8215	75.8982	59.9313	40.7821	38.2061	82.8572	48.7019	48.2142	47.7751	82.2248	59.248	44.9259	35.5197	70.468	64.7161	84.0399	69.7821	108.4285	90.81	65.4961	58.8693	111.8951	67.9885	33.3882	31.636	59.8206	40.0749	33.2201	23.0513	55.389	47.3901	79.3825	59.7714	106.7215	81.5591	44.7929	35.4777	79.7388	45.1889
30.1307	26.8447	42.5357	56.5193	31.9367	23.9862	43.5492	52.2158	53.002	33.9762	55.8351	66.63	51.5963	48.4066	73.6566	75.1559	44.3095	41.1272	61.6958	68.8033	49.1199	39.382	58.4446	62.3022	66.0508	46.1854	63.5777	78.2798	62.466	56.1634	82.8394	77.1052	50.7399	40.86	60.4707	85.0471	41.3994	27.9376	47.1339	55.3917	63.6168	36.3395	55.9216	72.079	62.0526	59.7867	77.5462	83.188	47.2197	37.8421	64.4917	72.7508	60.9531	47.7955	69.9289	73.8322	76.468	41.9794	73.648	82.0576	61.943	55.5453	83.1608	74.9381
59.436	53.683	47.886	96.4704	51.7835	31.9203	41.6953	68.6468	55.7236	37.6686	30.0126	71.6433	87.5526	77.7167	66.2391	110.1191	43.0772	35.7655	35.9851	65.5244	24.0199	13.5268	19.7548	32.4318	42.9762	24.4784	21.8592	51.0843	55.2459	41.4857	41.7581	63.7475	58.6897	47.1024	40.0042	83.1266	32.7813	19.9278	25.9797	43.0944	36.3918	20.2329	17.047	43.6235	67.3112	52.5098	42.2453	77.8056	71.9085	61.1213	55.9315	105.9951	54.8215	34.1126	42.0701	67.6676	60.9702	37.9654	31.5722	74.0636	80.0573	71.0488	54.3164	92.2936
48.6901	81.2331	75.8313	73.3116	76.0988	105.1439	111.1623	106.58	78.97	122.413	103.3599	94.2718	66.7956	102.6467	108.2499	79.5492	61.1393	96.5021	92.1566	84.2398	84.5091	110.4823	119.7324	117.15	97.6724	146.5299	122.6506	124.8729	94.0708	124.0808	132.7501	98.7236	77.6702	120.3905	102.2518	102.523	106.4448	150.3396	148.1725	149.6765	96.3511	151.2981	113.7161	119.7816	88.4985	128.6165	124.516	97.9541	58.4248	89.4313	80.8904	72.0619	80.9949	110.0305	109.2999	104.4737	95.0862	147.8153	117.6986	111.1728	65.083	95.6567	92.8771	66.435
100.3498	94.1634	102.3175	119.0879	89.2414	68.1726	82.6709	109.0364	101.4509	86.1676	85.6032	116.679	109.2976	93.4967	120.0414	121.7025	76.8986	64.8183	82.0	92.0519	54.6097	36.3518	54.8008	67.3324	72.3164	51.3783	62.93	81.6082	94.5762	66.4162	105.6709	102.7482	103.7843	88.9167	95.5564	107.119	73.525	53.4706	65.7167	87.5188	73.3629	62.2374	60.5159	82.5667	104.1148	81.8403	108.061	109.8864	121.9791	99.2869	118.0379	116.784	82.5745	58.0073	76.7352	93.3013	122.3661	92.8321	98.6944	118.7705	124.5325	89.2821	130.221	118.0822
6.9813	17.8365	26.3327	11.1757	25.6264	42.5475	61.068	39.731	23.0856	33.4252	62.5505	27.0061	17.3738	25.2169	38.8393	17.2417	30.0539	71.356	77.5871	44.4767	79.2937	134.3814	134.0977	112.0233	56.4692	79.8406	123.6125	63.5451	60.1685	103.1416	112.209	64.0247	15.2164	26.9952	51.7784	17.9828	37.06	56.6179	77.9053	43.9808	40.3768	35.2478	97.4444	32.8303	29.4602	41.0697	59.6919	20.5976	18.5908	43.9466	52.1049	25.6704	51.9181	85.9787	82.9184	61.4056	37.2871	57.5274	81.8858	42.7385	28.726	49.9124	50.8374	26.6842
19.8267	18.6989	31.8476	33.573	27.8085	25.095	18.7188	38.4778	25.7157	35.5064	44.0505	61.7841	48.3507	43.8852	62.8733	70.4485	29.4761	29.0305	27.0234	37.6921	35.6334	32.6738	22.8778	51.1868	26.7879	22.9966	16.6775	34.2604	68.3989	49.8379	50.3435	67.5082	26.9406	32.4424	33.2622	44.761	41.5467	51.5758	28.8709	65.2824	29.7857	54.8566	43.7443	71.9345	62.8618	77.6113	74.6601	97.9465	54.6774	52.1358	69.8579	83.6653	56.7706	61.0001	39.2847	84.3761	61.5568	82.3776	76.7397	116.7904	94.5846	90.6096	108.0324	125.1001
141.5483	137.0309	68.0058	110.095	85.7368	83.0262	76.478	103.1441	62.323	43.7997	41.9263	75.1045	118.0834	84.8491	67.1547	90.3073	74.2149	68.4951	42.5171	66.2397	44.5797	36.9976	41.8173	55.6723	65.1323	38.8857	46.473	77.1115	89.2833	61.2416	59.6403	75.0156	115.9187	81.8628	45.5974	87.592	55.7582	38.4628	38.5427	55.3738	78.149	36.1388	39.8213	74.0506	132.0662	78.078	73.6727	100.1271	157.6012	126.3732	67.254	113.2492	87.0599	62.7663	60.7453	81.1347	102.5439	56.3025	52.7957	94.8938	134.6387	85.7184	70.8999	91.1048
51.5723	83.9415	70.6767	51.2743	70.7447	89.36	112.2829	69.6783	71.9179	80.1004	108.0035	65.1757	49.6542	60.9407	92.2865	46.6092	59.2279	83.7961	85.6576	52.75	59.9602	68.093	100.4732	53.3939	82.0482	86.8045	124.0262	72.1991	48.9913	54.8649	94.3398	41.9108	92.3598	126.8189	103.1837	80.6255	96.9188	102.2023	116.3116	70.1529	137.9538	134.6574	153.5233	96.0841	75.6698	80.2996	126.8292	63.8742	49.1837	70.2214	58.5189	41.6334	58.2463	61.7694	74.5733	43.8422	101.3864	103.093	120.3978	66.878	43.8533	49.0539	77.0177	34.5214
123.4548	87.9733	72.077	76.648	116.1528	68.8908	70.4891	74.5509	80.1035	57.2937	54.2371	42.2155	92.7901	78.0488	95.0607	74.8537	119.0035	79.1951	64.3218	84.0505	86.4356	45.9409	51.4554	60.1503	71.1248	45.439	57.5498	53.3809	80.4381	64.8696	86.1474	76.14	109.1489	78.0763	47.9174	66.9812	100.7698	59.6606	45.7507	58.6888	84.4118	60.0043	52.7771	68.0196	94.4525	73.1791	70.2596	74.8698	123.4034	99.6175	68.8274	90.352	114.5425	72.3591	72.4843	84.1639	117.2704	90.2936	92.742	104.0951	105.0678	87.5208	102.3013	93.9196
34.6935	44.6063	55.6595	64.9489	44.9173	44.2266	77.2792	48.3275	54.2519	52.1855	93.8766	52.8188	36.1321	37.8985	95.1304	86.2159	30.2666	39.7859	50.6334	45.4225	32.1395	31.8968	65.1767	26.2297	58.4317	36.5006	99.2748	59.7757	20.3565	19.7368	54.7283	41.6871	54.6409	79.2736	87.8012	43.4622	57.5946	68.7571	84.8097	28.938	124.5288	113.0339	178.1381	81.7756	40.8273	36.0979	88.4012	40.5443	28.6391	39.4498	53.2023	35.3101	26.5861	26.0417	54.4831	32.2176	78.8558	77.7357	168.3577	75.5727	38.3009	40.0069	127.9128	66.9622
54.271	60.7966	79.2348	58.0657	59.8713	52.338	79.3699	65.8633	74.3626	64.1943	90.4472	78.7601	63.2197	50.8605	79.8751	58.0957	49.3502	44.6007	67.8253	56.4525	42.2801	28.7202	53.3492	44.8761	59.3419	45.4969	71.8359	70.6594	57.8851	42.9811	66.5531	57.2341	63.3917	72.13	82.8931	64.9891	54.6083	48.9668	65.724	61.7063	69.4332	68.2311	79.4051	87.451	69.925	60.0722	71.1505	62.3246	66.1803	65.1517	79.9595	63.021	56.9522	41.3137	56.1495	51.4059	81.1694	68.7792	79.8591	71.8699	64.3158	50.4531	71.1484	52.8716
48.9162	68.045	58.3646	64.8932	65.4578	78.1639	66.8612	83.5043	48.6443	80.6203	50.1486	78.3937	33.5392	84.3869	51.6516	76.0062	60.1612	83.0061	71.12	83.1005	62.1407	78.5639	65.0526	90.2617	49.2893	81.8094	48.2511	84.9929	31.8817	90.097	60.6968	87.6998	56.4815	73.7602	53.8069	66.5311	74.3442	85.1217	68.4477	84.6001	49.7609	66.77	38.4098	59.8754	32.6441	91.0388	50.8363	77.2976	17.2048	33.5641	27.6342	39.6182	44.2184	79.8915	55.7775	80.6856	22.2392	54.1384	26.3463	62.3719	21.0303	84.2192	44.9608	69.8267
34.3494	57.3264	38.6364	66.9926	52.3574	77.0186	43.3561	93.8028	43.5574	63.4007	33.2879	69.885	58.0644	107.5227	51.3241	102.9904	66.8704	86.4636	70.0795	106.0936	92.2544	113.7021	76.3104	136.276	65.8848	88.7817	49.7052	88.434	94.5131	163.4096	92.0276	150.4736	46.3882	68.4067	44.5208	76.6943	74.6859	86.1076	53.0568	102.9925	42.2449	58.4724	28.246	58.9743	62.3374	98.2853	48.9498	90.4012	55.1645	77.2973	55.4393	87.4592	97.9469	142.7078	86.276	152.7933	64.8955	85.8155	43.8199	77.9419	76.4446	160.9503	79.7951	133.7476
88.028	104.1922	67.6967	100.7558	96.1191	88.8113	63.9699	98.8923	61.4782	60.3466	75.7095	116.598	66.9578	78.5186	101.164	123.0707	92.6024	102.7543	58.0782	87.9304	77.549	67.292	48.3798	77.3951	64.4367	53.5956	56.7768	82.6844	75.4213	74.5523	78.208	91.2746	91.5257	82.4429	91.3288	111.9757	83.4997	73.3598	65.0612	94.2076	98.9467	88.9552	120.2301	162.5403	115.2986	108.3165	151.167	176.8751	95.5312	95.168	78.5756	99.2005	92.7544	81.7313	59.6829	91.5271	105.5193	115.3591	122.8901	161.172	101.4784	117.8032	139.3464	150.3991
68.0755	64.8228	55.2869	67.0014	57.0678	39.3816	48.0253	55.7445	68.5937	48.4168	57.0506	91.9199	71.5468	56.807	88.8576	100.925	50.1255	39.317	41.3014	50.716	29.4345	16.8629	21.9412	26.6563	45.8677	30.6044	39.8683	61.3468	42.7238	31.1176	60.468	67.9012	87.339	69.2629	78.5704	100.2397	58.1417	32.358	47.2776	55.8133	91.8532	51.8877	83.8763	128.2683	117.5363	73.5264	147.2613	176.4478	89.1297	71.7087	85.5017	105.4852	65.0549	35.5654	53.2677	55.8404	135.1071	73.3431	131.0217	182.4906	134.663	80.8467	176.4544	191.1531
16.6165	36.3169	23.3636	43.7498	45.0538	67.1791	42.4495	90.6564	26.9171	40.2365	35.4265	68.4892	42.4921	69.8298	64.0953	106.856	36.764	72.2402	36.7951	70.835	71.4808	97.3163	51.1551	113.3502	43.4848	57.7855	38.262	70.2633	68.3211	105.3192	76.9376	130.7508	28.427	62.9235	34.2042	74.2052	49.4165	82.1032	41.6504	94.2337	43.3316	61.2844	48.4808	97.4058	63.6621	108.5114	99.8228	160.9134	37.0341	77.2032	49.0597	89.3168	84.0491	125.6647	76.7134	137.9953	69.0907	103.5454	78.0863	139.6168	90.9246	159.541	136.3561	196.507
46.7963	66.3235	78.061	63.2184	76.577	90.7154	96.4415	92.6581	90.6018	113.6089	103.8632	89.7934	75.7208	95.284	108.2223	82.4737	72.7104	87.501	107.7397	93.2773	104.1227	125.4906	121.5346	122.7681	103.7042	129.2935	108.4005	116.5912	104.4221	124.2155	130.6495	108.777	74.982	104.8492	116.8025	90.6427	111.7139	133.0849	128.5171	116.7295	99.7928	128.1164	107.2556	88.327	98.241	122.3012	124.4886	99.8359	75.5546	93.2357	115.1265	87.423	103.7206	121.2153	125.7463	114.4383	114.3585	133.4224	128.2298	107.5496	91.8528	101.1795	116.8258	83.2476
63.3193	61.2142	60.6368	68.3961	49.4915	47.1864	44.3975	38.2232	61.5304	55.5036	42.3642	57.4524	86.4955	59.0245	74.3906	75.9492	58.8092	49.0963	57.2431	69.1627	40.4552	32.6636	41.7036	40.8386	49.4433	46.113	41.9451	63.0417	73.2399	52.938	65.1066	72.7719	67.543	63.1475	59.8336	70.0721	60.1296	49.5167	52.5259	57.5066	53.871	49.7203	38.4745	61.1806	93.2322	72.5935	77.2357	92.6769	94.8399	85.3579	84.2007	93.6565	74.1582	53.1122	56.2674	66.1012	91.918	74.0861	58.9981	84.0386	111.1939	78.1843	87.3494	92.1197
74.1402	30.0041	110.1718	38.0267	32.9952	16.8343	31.9625	29.7994	102.2284	50.1848	126.0349	41.9759	55.4402	25.5051	59.5762	29.6247	57.9657	20.9548	63.3104	37.4166	40.1037	22.9848	32.688	44.9944	57.8245	22.4735	49.9455	28.6216	69.43	44.8236	65.6279	60.6548	89.6549	44.1001	115.3388	50.133	47.315	25.8074	42.8712	42.3908	105.4401	53.1013	111.6291	43.3293	46.6962	31.9122	45.1933	34.1273	81.0783	32.042	100.2239	51.5634	60.7333	38.8935	48.9872	64.7057	94.3229	42.126	94.7315	44.3696	77.0871	51.0986	75.6957	61.4514
42.274	39.8121	84.8666	23.164	51.7906	55.7657	66.3505	58.3135	78.0336	102.4507	134.8258	70.4821	28.3617	46.1853	43.9477	36.1402	58.3087	64.8136	108.0737	43.9842	78.775	102.3251	114.1535	130.7161	93.8521	127.2607	143.4904	98.9845	89.2347	150.0804	158.7429	142.7025	76.612	86.4154	137.0395	53.979	107.8211	140.1538	140.775	158.7109	118.9394	175.858	182.4554	130.9391	70.5513	134.293	113.3202	116.3479	47.4321	62.114	86.3986	43.0774	85.4591	124.3948	125.8993	149.9537	99.3314	140.7146	143.6196	109.6384	73.8784	135.2017	133.9244	124.2152
29.4526	22.1222	47.3851	29.9884	39.8887	25.5485	43.8599	33.6783	47.6303	29.2151	54.2627	40.1303	43.3324	35.8396	54.4931	37.5968	51.9914	50.6542	73.849	63.6484	68.6775	61.8298	70.6073	75.0797	56.1471	44.9294	61.1779	66.3331	73.5201	92.3545	76.6443	89.1722	35.8785	29.4016	54.6368	33.451	41.5276	29.7335	37.0502	37.1059	42.7555	26.9646	43.4676	31.5168	50.263	48.4502	52.8331	45.8586	54.1361	54.0752	75.1578	57.472	91.694	88.0832	88.1995	95.3679	65.044	51.5039	66.6366	60.5821	80.0425	99.2168	80.6672	82.6608
99.2351	50.3641	100.1168	65.4335	72.8135	35.2803	62.3321	53.8413	79.4486	44.4295	82.137	59.9401	57.648	34.6277	74.366	45.8318	93.3618	54.5962	79.5634	54.7974	66.2531	38.5495	56.2128	49.9711	82.6307	54.9746	78.8828	73.0962	79.617	57.7962	83.1158	63.1371	86.8839	60.5551	85.7413	60.1187	74.7996	52.9092	71.97	65.4435	81.0832	67.1866	88.486	84.0454	85.1028	74.2544	91.5361	75.3313	91.666	65.4865	85.8542	55.77	83.6544	61.2358	85.6782	71.8958	96.0841	82.7959	116.9098	91.9229	82.3237	75.7006	106.6233	72.5047
85.3676	126.7067	74.9329	49.0251	128.6263	148.5755	93.6683	76.9826	93.9275	116.5568	65.7822	65.4138	54.9493	85.8914	59.7065	55.5139	126.8569	174.4744	119.8042	78.1685	148.9904	163.415	119.347	102.6921	127.1657	149.8272	95.6468	87.92	97.7906	127.6742	104.1339	81.893	103.3036	143.2976	98.29	81.092	142.8537	156.9852	120.536	116.745	100.9489	127.4962	87.4168	100.4523	81.1274	128.3837	99.2246	103.5493	73.4255	108.137	69.5044	56.4621	114.5368	138.0591	99.3944	105.4479	93.4483	125.3513	78.3974	91.074	72.4933	113.4775	86.7259	85.3003
114.0218	114.1377	107.8732	116.8583	97.268	88.5862	88.5825	97.5609	117.6757	104.8902	95.2583	124.9447	101.2559	108.1318	119.0552	131.2047	76.6441	79.7177	71.5272	71.9446	68.6054	56.2012	53.8862	60.4341	88.0288	71.3142	63.0738	79.16	82.5	71.9613	75.0237	79.1309	141.3302	115.191	120.9143	137.2166	92.1894	75.9076	81.1844	95.6198	125.6976	86.1513	90.3135	123.9844	127.81	115.182	127.2311	153.2813	124.2214	102.5197	107.738	108.5621	104.6641	78.9968	94.6605	105.0888	150.2763	104.9444	121.6737	146.9415	133.3822	117.72	144.5211	158.7912
79.1045	95.6009	95.0119	72.3544	76.5637	100.4356	103.3214	85.3186	106.1826	108.6361	106.9173	91.8524	56.6492	83.8827	85.1865	62.3375	66.105	81.7079	81.4674	63.4145	66.7663	95.0426	96.5321	103.8451	105.4438	120.1029	121.2169	120.2916	80.7492	112.773	115.8827	122.5276	121.8935	126.4199	126.7568	94.81	91.5217	121.0304	125.9241	137.9713	136.733	132.9882	134.74	137.9819	98.7721	130.9908	129.9396	138.6519	88.6445	81.4406	94.8054	60.2655	87.7306	93.6598	108.8059	105.1362	130.8642	106.5687	128.7914	106.9457	104.2061	102.6268	126.5584	112.9654
45.1244	59.2511	68.905	69.4216	65.0805	64.3709	81.0519	89.9448	69.8408	76.1337	89.0682	118.139	83.3266	85.9106	108.9077	103.6662	56.1622	70.8372	90.0067	92.7424	69.5637	66.5457	88.2948	101.9973	79.1904	84.1568	100.789	132.8935	100.0235	97.2589	135.9819	128.3532	73.0419	86.6063	99.7918	111.5241	86.3599	83.5973	96.2751	121.4707	98.8036	94.273	106.9992	148.9949	138.8958	126.8172	158.5919	163.4373	90.4898	105.9684	118.0242	125.2249	104.3039	97.7313	113.4569	130.9899	127.69	124.0758	142.885	184.4816	135.0967	121.069	152.9746	147.4818
43.9564	58.2284	77.598	66.5348	74.5544	87.9008	83.2512	78.7573	75.0724	104.3426	108.7714	84.0183	64.2943	66.8777	110.6272	81.1741	87.6427	100.0791	118.9967	119.5615	134.6938	142.5905	111.9506	119.1605	77.5689	106.2532	111.5856	97.8958	76.5555	92.7576	126.773	90.3758	61.3576	73.0671	96.0819	75.4279	109.2324	119.7692	87.0597	92.9386	94.1322	122.7288	118.2926	91.6821	78.6833	80.985	111.5406	77.0536	52.2093	56.5591	88.6515	58.4311	72.9555	70.9417	68.2713	66.3277	94.6227	98.093	134.3381	85.9108	66.8757	50.6407	111.4147	65.8486
48.3567	51.6586	53.2418	78.7936	41.6378	44.4883	39.2603	71.1159	56.3286	54.6251	48.3302	85.1969	69.8163	68.2504	69.3291	100.8097	34.2137	26.8203	31.3986	46.846	36.6134	35.2113	17.663	35.2766	38.6739	34.9917	30.2989	48.7409	53.3534	56.7702	51.8505	70.6839	73.3222	69.3392	69.2516	90.015	47.6959	55.914	36.7375	64.1579	73.3034	62.9792	53.6792	75.6154	65.5291	79.8522	60.4005	94.7011	55.7008	54.2405	67.077	86.2319	45.6132	66.2799	32.4838	61.3659	70.5355	74.7014	66.2588	88.4121	72.2287	91.9952	76.7839	100.4225
100.4225	94.7011	70.6839	100.8097	88.4121	75.6154	48.7409	85.1969	61.3659	64.1579	35.2766	71.1159	86.2319	90.015	46.846	78.7936	76.7839	60.4005	51.8505	69.3291	66.2588	53.6792	30.2989	48.3302	32.4838	36.7375	17.663	39.2603	67.077	69.2516	31.3986	53.2418	91.9952	79.8522	56.7702	68.2504	74.7014	62.9792	34.9917	54.6251	66.2799	55.914	35.2113	44.4883	54.2405	69.3392	26.8203	51.6586	72.2287	65.5291	53.3534	69.8163	70.5355	73.3034	38.6739	56.3286	45.6132	47.6959	36.6134	41.6378	55.7008	73.3222	34.2137	48.3567
