0.01052632	0.01052632	0.02105263	0.01052632	0.01052632	0.01052632	0.0	0.03157895	0.02105263	0.02105263	0.01052632	0.01052632	0.01052632	0.03157895	0.03157895	0.0	0.0	0.0	0.01052632	0.02105263	0.01052632	0.01052632	0.01052632	0.01052632	0.01052632	0.0	0.02105263	0.0	0.0	0.01052632	0.07368421	0.01052632	0.04210526	0.01052632	0.01052632	0.02105263	0.0	0.02105263	0.01052632	0.03157895	0.0	0.01052632	0.0	0.04210526	0.04210526	0.0	0.02105263	0.01052632	0.0	0.03157895	0.02105263	0.01052632	0.01052632	0.0	0.01052632	0.02105263	0.05263158	0.03157895	0.02105263	0.02105263	0.01052632	0.01052632	0.0	0.03157895
0.01886792	0.02830189	0.00943396	0.01886792	0.02830189	0.0	0.0	0.03773585	0.01886792	0.00943396	0.00943396	0.02830189	0.02830189	0.03773585	0.01886792	0.01886792	0.00943396	0.0	0.04716981	0.05660377	0.00943396	0.01886792	0.0	0.01886792	0.0	0.0	0.0	0.0	0.01886792	0.0	0.02830189	0.01886792	0.00943396	0.01886792	0.0	0.02830189	0.03773585	0.00943396	0.0	0.0	0.01886792	0.0	0.0	0.0	0.0	0.00943396	0.0	0.02830189	0.03773585	0.01886792	0.00943396	0.0	0.03773585	0.01886792	0.0	0.00943396	0.01886792	0.03773585	0.00943396	0.00943396	0.01886792	0.01886792	0.02830189	0.02830189
0.04166667	0.02083333	0.01041667	0.02083333	0.0	0.02083333	0.01041667	0.0	0.01041667	0.02083333	0.0	0.0	0.02083333	0.0	0.02083333	0.02083333	0.02083333	0.0	0.0	0.02083333	0.01041667	0.03125	0.01041667	0.02083333	0.01041667	0.0	0.01041667	0.02083333	0.0	0.03125	0.01041667	0.01041667	0.01041667	0.01041667	0.01041667	0.0	0.01041667	0.01041667	0.01041667	0.01041667	0.0	0.01041667	0.05208333	0.02083333	0.01041667	0.01041667	0.0	0.04166667	0.02083333	0.0	0.01041667	0.02083333	0.03125	0.01041667	0.01041667	0.02083333	0.01041667	0.01041667	0.02083333	0.02083333	0.02083333	0.02083333	0.03125	0.09375
0.0	0.0	0.02459016	0.0	0.00819672	0.01639344	0.00819672	0.0	0.04098361	0.02459016	0.03278689	0.00819672	0.0	0.01639344	0.02459016	0.01639344	0.0	0.02459016	0.02459016	0.02459016	0.02459016	0.01639344	0.00819672	0.02459016	0.0	0.0	0.03278689	0.0	0.00819672	0.03278689	0.01639344	0.0	0.02459016	0.0	0.04098361	0.02459016	0.01639344	0.02459016	0.00819672	0.01639344	0.01639344	0.03278689	0.02459016	0.02459016	0.01639344	0.00819672	0.02459016	0.01639344	0.0	0.00819672	0.01639344	0.00819672	0.02459016	0.02459016	0.00819672	0.01639344	0.03278689	0.00819672	0.00819672	0.03278689	0.00819672	0.01639344	0.00819672	0.0
0.05454545	0.0	0.01818182	0.02727273	0.00909091	0.0	0.0	0.01818182	0.01818182	0.01818182	0.02727273	0.02727273	0.00909091	0.02727273	0.01818182	0.00909091	0.01818182	0.0	0.04545455	0.01818182	0.0	0.01818182	0.0	0.02727273	0.0	0.0	0.00909091	0.0	0.00909091	0.00909091	0.01818182	0.02727273	0.00909091	0.02727273	0.02727273	0.00909091	0.03636364	0.00909091	0.0	0.00909091	0.02727273	0.00909091	0.02727273	0.0	0.0	0.00909091	0.03636364	0.01818182	0.01818182	0.0	0.0	0.00909091	0.03636364	0.01818182	0.00909091	0.00909091	0.02727273	0.02727273	0.0	0.03636364	0.00909091	0.02727273	0.01818182	0.01818182
0.00847458	0.01694915	0.01694915	0.02542373	0.0	0.01694915	0.0	0.00847458	0.00847458	0.02542373	0.03389831	0.00847458	0.0	0.0	0.03389831	0.01694915	0.00847458	0.0	0.04237288	0.00847458	0.05084746	0.01694915	0.0	0.02542373	0.0	0.0	0.00847458	0.01694915	0.0	0.03389831	0.03389831	0.00847458	0.02542373	0.00847458	0.01694915	0.01694915	0.00847458	0.03389831	0.00847458	0.02542373	0.03389831	0.02542373	0.02542373	0.01694915	0.0	0.01694915	0.01694915	0.01694915	0.01694915	0.0	0.0	0.0	0.0	0.02542373	0.01694915	0.01694915	0.02542373	0.02542373	0.03389831	0.00847458	0.01694915	0.00847458	0.00847458	0.02542373
0.02564103	0.01709402	0.0	0.01709402	0.0	0.03418803	0.0	0.0	0.01709402	0.01709402	0.01709402	0.0	0.00854701	0.0	0.01709402	0.00854701	0.01709402	0.00854701	0.02564103	0.0	0.02564103	0.08547009	0.02564103	0.02564103	0.00854701	0.01709402	0.04273504	0.01709402	0.0	0.03418803	0.01709402	0.0	0.01709402	0.0	0.02564103	0.01709402	0.00854701	0.03418803	0.03418803	0.00854701	0.03418803	0.02564103	0.05128205	0.01709402	0.0	0.01709402	0.01709402	0.00854701	0.0	0.00854701	0.0	0.0	0.01709402	0.00854701	0.02564103	0.01709402	0.0	0.02564103	0.01709402	0.00854701	0.0	0.01709402	0.0	0.00854701
0.03738318	0.0	0.02803738	0.00934579	0.0	0.00934579	0.0	0.01869159	0.02803738	0.01869159	0.04672897	0.01869159	0.00934579	0.0	0.0	0.00934579	0.00934579	0.0	0.01869159	0.0	0.00934579	0.03738318	0.00934579	0.01869159	0.00934579	0.01869159	0.00934579	0.0	0.01869159	0.01869159	0.01869159	0.04672897	0.01869159	0.00934579	0.05607477	0.0	0.00934579	0.00934579	0.01869159	0.03738318	0.01869159	0.02803738	0.01869159	0.00934579	0.0	0.01869159	0.00934579	0.00934579	0.00934579	0.00934579	0.00934579	0.00934579	0.00934579	0.01869159	0.00934579	0.02803738	0.02803738	0.00934579	0.0	0.00934579	0.00934579	0.02803738	0.02803738	0.03738318
0.03703704	0.01851852	0.0462963	0.01851852	0.02777778	0.00925926	0.0	0.0	0.05555556	0.01851852	0.01851852	0.01851852	0.0	0.00925926	0.03703704	0.0	0.00925926	0.00925926	0.0462963	0.0	0.01851852	0.00925926	0.0	0.0	0.0	0.0	0.00925926	0.0	0.00925926	0.00925926	0.00925926	0.00925926	0.06481481	0.0	0.00925926	0.01851852	0.01851852	0.01851852	0.0	0.02777778	0.01851852	0.01851852	0.00925926	0.01851852	0.00925926	0.0	0.0462963	0.01851852	0.00925926	0.00925926	0.00925926	0.00925926	0.0	0.0	0.00925926	0.00925926	0.01851852	0.02777778	0.02777778	0.03703704	0.01851852	0.0	0.01851852	0.0462963
0.04672897	0.01869159	0.02803738	0.03738318	0.00934579	0.01869159	0.0	0.00934579	0.02803738	0.0	0.00934579	0.03738318	0.01869159	0.01869159	0.02803738	0.01869159	0.01869159	0.0	0.02803738	0.02803738	0.00934579	0.0	0.0	0.00934579	0.0	0.0	0.0	0.0	0.0	0.0	0.00934579	0.00934579	0.02803738	0.01869159	0.0	0.00934579	0.01869159	0.0	0.0	0.0	0.01869159	0.00934579	0.0	0.00934579	0.0	0.0	0.03738318	0.04672897	0.03738318	0.0	0.00934579	0.00934579	0.03738318	0.0	0.0	0.0	0.00934579	0.00934579	0.02803738	0.04672897	0.03738318	0.01869159	0.01869159	0.10280374
0.02777778	0.02777778	0.02777778	0.00925926	0.00925926	0.00925926	0.0	0.02777778	0.02777778	0.01851852	0.00925926	0.03703704	0.01851852	0.00925926	0.00925926	0.0	0.02777778	0.0	0.0	0.00925926	0.00925926	0.01851852	0.0	0.00925926	0.0	0.0	0.0	0.00925926	0.0	0.03703704	0.01851852	0.0462963	0.03703704	0.00925926	0.0462963	0.00925926	0.0	0.00925926	0.0	0.00925926	0.03703704	0.0	0.01851852	0.01851852	0.00925926	0.01851852	0.03703704	0.00925926	0.0	0.00925926	0.02777778	0.00925926	0.01851852	0.0	0.00925926	0.0462963	0.03703704	0.0	0.0462963	0.00925926	0.01851852	0.00925926	0.02777778	0.00925926
0.0	0.0	0.01886792	0.0	0.02830189	0.00943396	0.0	0.01886792	0.02830189	0.01886792	0.03773585	0.01886792	0.00943396	0.01886792	0.00943396	0.01886792	0.00943396	0.03773585	0.00943396	0.01886792	0.00943396	0.01886792	0.00943396	0.03773585	0.0	0.0	0.01886792	0.0	0.00943396	0.00943396	0.01886792	0.02830189	0.00943396	0.01886792	0.03773585	0.02830189	0.03773585	0.01886792	0.0	0.00943396	0.00943396	0.03773585	0.02830189	0.02830189	0.0	0.0	0.01886792	0.01886792	0.0	0.0	0.03773585	0.00943396	0.0	0.02830189	0.00943396	0.0	0.05660377	0.00943396	0.00943396	0.0	0.02830189	0.00943396	0.02830189	0.0
0.032	0.008	0.0	0.024	0.024	0.008	0.008	0.008	0.008	0.008	0.016	0.016	0.064	0.008	0.056	0.016	0.016	0.032	0.016	0.048	0.024	0.008	0.0	0.0	0.0	0.008	0.0	0.0	0.016	0.016	0.0	0.016	0.016	0.0	0.016	0.0	0.04	0.016	0.0	0.008	0.016	0.008	0.0	0.0	0.008	0.0	0.04	0.016	0.0	0.008	0.024	0.072	0.024	0.0	0.0	0.032	0.008	0.04	0.008	0.048	0.016	0.024	0.008	0.0
0.03305785	0.01652893	0.00826446	0.01652893	0.08264463	0.0	0.01652893	0.00826446	0.0	0.00826446	0.00826446	0.0	0.04958678	0.00826446	0.04132231	0.03305785	0.00826446	0.05785124	0.00826446	0.05785124	0.0	0.0	0.0	0.0	0.0	0.0	0.0	0.01652893	0.0	0.0	0.00826446	0.01652893	0.01652893	0.00826446	0.0	0.01652893	0.03305785	0.0	0.0	0.00826446	0.00826446	0.0	0.0	0.0	0.02479339	0.0	0.04132231	0.01652893	0.01652893	0.02479339	0.0	0.04958678	0.00826446	0.0	0.0	0.00826446	0.03305785	0.03305785	0.0	0.0661157	0.01652893	0.00826446	0.04132231	0.01652893
0.0	0.0	0.0	0.00840336	0.06722689	0.00840336	0.00840336	0.00840336	0.0	0.00840336	0.0	0.0	0.09243697	0.0	0.05042017	0.00840336	0.0	0.05882353	0.00840336	0.05042017	0.00840336	0.01680672	0.00840336	0.0	0.0	0.00840336	0.00840336	0.0	0.00840336	0.00840336	0.0	0.01680672	0.00840336	0.0	0.0	0.00840336	0.03361345	0.00840336	0.0	0.01680672	0.00840336	0.0	0.00840336	0.0	0.02521008	0.0	0.07563025	0.00840336	0.0	0.04201681	0.0	0.08403361	0.0	0.0	0.0	0.00840336	0.00840336	0.04201681	0.0	0.1092437	0.0	0.0	0.03361345	0.00840336
0.03333333	0.025	0.0	0.03333333	0.1	0.00833333	0.0	0.00833333	0.00833333	0.0	0.0	0.01666667	0.09166667	0.0	0.025	0.025	0.01666667	0.075	0.0	0.01666667	0.0	0.0	0.00833333	0.00833333	0.00833333	0.0	0.0	0.0	0.0	0.0	0.00833333	0.00833333	0.00833333	0.00833333	0.0	0.0	0.0	0.0	0.0	0.0	0.0	0.0	0.0	0.0	0.03333333	0.0	0.05	0.01666667	0.03333333	0.00833333	0.025	0.09166667	0.00833333	0.00833333	0.0	0.0	0.0	0.0	0.0	0.08333333	0.04166667	0.00833333	0.0	0.05
0.00847458	0.00847458	0.02542373	0.0	0.01694915	0.02542373	0.0	0.01694915	0.00847458	0.01694915	0.04237288	0.01694915	0.00847458	0.0	0.00847458	0.0	0.01694915	0.03389831	0.02542373	0.0	0.04237288	0.04237288	0.01694915	0.01694915	0.01694915	0.0	0.0	0.0	0.00847458	0.04237288	0.05084746	0.0	0.01694915	0.00847458	0.02542373	0.00847458	0.00847458	0.02542373	0.0	0.05084746	0.00847458	0.03389831	0.00847458	0.02542373	0.0	0.00847458	0.05084746	0.00847458	0.0	0.00847458	0.00847458	0.0	0.00847458	0.02542373	0.0	0.01694915	0.02542373	0.03389831	0.03389831	0.02542373	0.0	0.0	0.00847458	0.0
0.0	0.0	0.0	0.00833333	0.025	0.0	0.0	0.0	0.0	0.0	0.0	0.01666667	0.05	0.0	0.1	0.0	0.0	0.0	0.0	0.05	0.0	0.0	0.0	0.0	0.0	0.0	0.0	0.0	0.0	0.0	0.0	0.0	0.00833333	0.0	0.01666667	0.0	0.025	0.0	0.0	0.0	0.0	0.0	0.0	0.0	0.05833333	0.0	0.2	0.00833333	0.0	0.025	0.0	0.08333333	0.0	0.0	0.0	0.0	0.025	0.025	0.0	0.25833333	0.0	0.0	0.00833333	0.00833333
0.03389831	0.04237288	0.01694915	0.0	0.03389831	0.01694915	0.0	0.01694915	0.02542373	0.05932203	0.00847458	0.01694915	0.01694915	0.00847458	0.01694915	0.0	0.02542373	0.0	0.04237288	0.02542373	0.02542373	0.01694915	0.0	0.05084746	0.0	0.0	0.0	0.0	0.05932203	0.01694915	0.01694915	0.00847458	0.02542373	0.0	0.00847458	0.00847458	0.02542373	0.05084746	0.0	0.00847458	0.00847458	0.01694915	0.00847458	0.00847458	0.00847458	0.01694915	0.00847458	0.0	0.00847458	0.02542373	0.04237288	0.01694915	0.00847458	0.00847458	0.0	0.02542373	0.00847458	0.00847458	0.02542373	0.00847458	0.00847458	0.0	0.0	0.0
0.06722689	0.04201681	0.0	0.00840336	0.05042017	0.00840336	0.0	0.0	0.01680672	0.00840336	0.00840336	0.00840336	0.00840336	0.0	0.00840336	0.02521008	0.04201681	0.0	0.02521008	0.01680672	0.01680672	0.0	0.0	0.00840336	0.00840336	0.0	0.0	0.0	0.0	0.01680672	0.00840336	0.03361345	0.0	0.01680672	0.00840336	0.00840336	0.0	0.0	0.0	0.03361345	0.0	0.00840336	0.00840336	0.00840336	0.01680672	0.01680672	0.00840336	0.04201681	0.00840336	0.0	0.00840336	0.00840336	0.01680672	0.00840336	0.00840336	0.01680672	0.00840336	0.02521008	0.00840336	0.06722689	0.0	0.01680672	0.08403361	0.10084034
0.0	0.00840336	0.00840336	0.00840336	0.02521008	0.04201681	0.00840336	0.02521008	0.01680672	0.00840336	0.01680672	0.0	0.0	0.01680672	0.03361345	0.00840336	0.01680672	0.04201681	0.00840336	0.01680672	0.04201681	0.02521008	0.01680672	0.0	0.0	0.0	0.01680672	0.01680672	0.00840336	0.00840336	0.04201681	0.00840336	0.00840336	0.03361345	0.0	0.01680672	0.0	0.00840336	0.0	0.01680672	0.01680672	0.0	0.02521008	0.03361345	0.03361345	0.00840336	0.02521008	0.01680672	0.0	0.01680672	0.02521008	0.01680672	0.01680672	0.00840336	0.00840336	0.01680672	0.02521008	0.01680672	0.01680672	0.03361345	0.01680672	0.01680672	0.0	0.02521008
0.0	0.00840336	0.02521008	0.01680672	0.03361345	0.00840336	0.0	0.01680672	0.03361345	0.01680672	0.01680672	0.01680672	0.01680672	0.00840336	0.00840336	0.01680672	0.00840336	0.01680672	0.00840336	0.01680672	0.00840336	0.0	0.0	0.03361345	0.0	0.0	0.0	0.00840336	0.01680672	0.01680672	0.05042017	0.05042017	0.02521008	0.02521008	0.03361345	0.00840336	0.0	0.00840336	0.00840336	0.05882353	0.04201681	0.0	0.00840336	0.0	0.00840336	0.00840336	0.00840336	0.0	0.01680672	0.0	0.01680672	0.00840336	0.00840336	0.02521008	0.0	0.02521008	0.01680672	0.05882353	0.02521008	0.0	0.0	0.02521008	0.04201681	0.00840336
0.0	0.0	0.00840336	0.01680672	0.02521008	0.0	0.0	0.00840336	0.0	0.0	0.0	0.00840336	0.05042017	0.00840336	0.06722689	0.00840336	0.0	0.00840336	0.0	0.05042017	0.0	0.0	0.0	0.0	0.0	0.0	0.00840336	0.0	0.00840336	0.00840336	0.0	0.00840336	0.0	0.00840336	0.0	0.0	0.01680672	0.0	0.00840336	0.0	0.00840336	0.0	0.0	0.01680672	0.05042017	0.0	0.13445378	0.00840336	0.02521008	0.01680672	0.0	0.07563025	0.01680672	0.0	0.0	0.01680672	0.0	0.02521008	0.01680672	0.16806723	0.00840336	0.01680672	0.00840336	0.05882353
0.01041667	0.03125	0.02083333	0.01041667	0.04166667	0.01041667	0.0	0.0	0.0625	0.02083333	0.05208333	0.02083333	0.0	0.01041667	0.01041667	0.0	0.02083333	0.02083333	0.07291667	0.0	0.02083333	0.01041667	0.0	0.02083333	0.01041667	0.0	0.0	0.0	0.01041667	0.03125	0.03125	0.0	0.04166667	0.0	0.05208333	0.01041667	0.03125	0.03125	0.0	0.01041667	0.01041667	0.04166667	0.01041667	0.0	0.0	0.01041667	0.01041667	0.02083333	0.0	0.0	0.02083333	0.0	0.02083333	0.0	0.01041667	0.04166667	0.02083333	0.01041667	0.0	0.02083333	0.0	0.02083333	0.0	0.0
0.02469136	0.01234568	0.02469136	0.03703704	0.02469136	0.01234568	0.0	0.02469136	0.01234568	0.01234568	0.03703704	0.0	0.04938272	0.02469136	0.01234568	0.02469136	0.02469136	0.01234568	0.01234568	0.01234568	0.0	0.0	0.0	0.01234568	0.0	0.0	0.0	0.0	0.02469136	0.0	0.01234568	0.03703704	0.02469136	0.01234568	0.0	0.01234568	0.0	0.0	0.0	0.01234568	0.01234568	0.0	0.02469136	0.02469136	0.02469136	0.01234568	0.0	0.02469136	0.02469136	0.02469136	0.02469136	0.04938272	0.03703704	0.0	0.0	0.02469136	0.02469136	0.0	0.0	0.02469136	0.02469136	0.02469136	0.02469136	0.02469136
0.02564103	0.00854701	0.03418803	0.03418803	0.0	0.0	0.0	0.00854701	0.02564103	0.03418803	0.01709402	0.0	0.0	0.01709402	0.02564103	0.02564103	0.02564103	0.0	0.01709402	0.01709402	0.02564103	0.0	0.0	0.01709402	0.00854701	0.0	0.0	0.00854701	0.00854701	0.03418803	0.03418803	0.02564103	0.03418803	0.0	0.00854701	0.01709402	0.02564103	0.02564103	0.00854701	0.05128205	0.0	0.02564103	0.00854701	0.00854701	0.0	0.00854701	0.00854701	0.00854701	0.01709402	0.0	0.00854701	0.0	0.01709402	0.01709402	0.00854701	0.02564103	0.02564103	0.05128205	0.01709402	0.00854701	0.01709402	0.00854701	0.03418803	0.02564103
0.02272727	0.01515152	0.01515152	0.01515152	0.03030303	0.00757576	0.0	0.03030303	0.00757576	0.00757576	0.03030303	0.00757576	0.00757576	0.02272727	0.00757576	0.00757576	0.01515152	0.0530303	0.02272727	0.00757576	0.02272727	0.00757576	0.00757576	0.01515152	0.0	0.00757576	0.01515152	0.0	0.00757576	0.03787879	0.00757576	0.03787879	0.00757576	0.0	0.00757576	0.01515152	0.03787879	0.01515152	0.00757576	0.00757576	0.00757576	0.04545455	0.00757576	0.01515152	0.0	0.0	0.03030303	0.00757576	0.02272727	0.0	0.00757576	0.00757576	0.00757576	0.02272727	0.00757576	0.03787879	0.01515152	0.00757576	0.02272727	0.01515152	0.02272727	0.01515152	0.01515152	0.06060606
0.03053435	0.0	0.03053435	0.01526718	0.01526718	0.00763359	0.0	0.01526718	0.02290076	0.00763359	0.03053435	0.02290076	0.00763359	0.01526718	0.01526718	0.01526718	0.0	0.03053435	0.03816794	0.00763359	0.03053435	0.01526718	0.00763359	0.0	0.0	0.00763359	0.00763359	0.00763359	0.01526718	0.0	0.02290076	0.02290076	0.02290076	0.00763359	0.02290076	0.00763359	0.01526718	0.02290076	0.01526718	0.03816794	0.01526718	0.03816794	0.03816794	0.01526718	0.00763359	0.0	0.03816794	0.0	0.02290076	0.0	0.0	0.02290076	0.01526718	0.00763359	0.0	0.00763359	0.02290076	0.03816794	0.02290076	0.0	0.01526718	0.01526718	0.00763359	0.03053435
0.00769231	0.0	0.00769231	0.00769231	0.01538462	0.00769231	0.0	0.00769231	0.01538462	0.03846154	0.00769231	0.02307692	0.01538462	0.00769231	0.03076923	0.0	0.00769231	0.00769231	0.03076923	0.01538462	0.00769231	0.00769231	0.01538462	0.03076923	0.01538462	0.03076923	0.02307692	0.0	0.0	0.01538462	0.00769231	0.03076923	0.00769231	0.0	0.03846154	0.00769231	0.03076923	0.02307692	0.03846154	0.00769231	0.00769231	0.00769231	0.00769231	0.03076923	0.01538462	0.0	0.03076923	0.03076923	0.0	0.02307692	0.00769231	0.02307692	0.00769231	0.02307692	0.01538462	0.00769231	0.01538462	0.02307692	0.01538462	0.02307692	0.02307692	0.03076923	0.00769231	0.03076923
0.0	0.01904762	0.00952381	0.01904762	0.01904762	0.01904762	0.0	0.02857143	0.01904762	0.00952381	0.01904762	0.0	0.03809524	0.01904762	0.03809524	0.0	0.0	0.01904762	0.0	0.05714286	0.01904762	0.00952381	0.0	0.01904762	0.0	0.0	0.0	0.0	0.01904762	0.01904762	0.04761905	0.01904762	0.02857143	0.0	0.01904762	0.0	0.01904762	0.0	0.0	0.01904762	0.00952381	0.0	0.0	0.02857143	0.0	0.02857143	0.0	0.02857143	0.01904762	0.02857143	0.00952381	0.01904762	0.01904762	0.01904762	0.0	0.03809524	0.01904762	0.03809524	0.01904762	0.02857143	0.01904762	0.00952381	0.01904762	0.02857143
0.03225806	0.00806452	0.00806452	0.01612903	0.0	0.02419355	0.0	0.03225806	0.00806452	0.00806452	0.01612903	0.00806452	0.0	0.0	0.01612903	0.01612903	0.01612903	0.02419355	0.00806452	0.00806452	0.01612903	0.01612903	0.01612903	0.0483871	0.00806452	0.00806452	0.0	0.0	0.01612903	0.0483871	0.06451613	0.01612903	0.00806452	0.01612903	0.00806452	0.00806452	0.01612903	0.04032258	0.00806452	0.03225806	0.01612903	0.04032258	0.00806452	0.0	0.01612903	0.00806452	0.01612903	0.0	0.00806452	0.00806452	0.01612903	0.0	0.02419355	0.01612903	0.0	0.03225806	0.00806452	0.04032258	0.03225806	0.03225806	0.0	0.01612903	0.01612903	0.0
0.00775194	0.00775194	0.01550388	0.00775194	0.0	0.0	0.0	0.00775194	0.01550388	0.02325581	0.02325581	0.03875969	0.0	0.00775194	0.03100775	0.02325581	0.01550388	0.0	0.01550388	0.01550388	0.02325581	0.0	0.0	0.02325581	0.0	0.0	0.0	0.0	0.01550388	0.02325581	0.03100775	0.02325581	0.0	0.0	0.04651163	0.00775194	0.00775194	0.00775194	0.0	0.04651163	0.01550388	0.00775194	0.0	0.00775194	0.02325581	0.00775194	0.01550388	0.03100775	0.00775194	0.0	0.02325581	0.03100775	0.01550388	0.03875969	0.0	0.01550388	0.02325581	0.03100775	0.00775194	0.03100775	0.03100775	0.03100775	0.01550388	0.07751938
0.07438017	0.01652893	0.00826446	0.03305785	0.00826446	0.02479339	0.0	0.01652893	0.01652893	0.02479339	0.00826446	0.00826446	0.01652893	0.01652893	0.01652893	0.0	0.02479339	0.00826446	0.02479339	0.00826446	0.01652893	0.01652893	0.02479339	0.01652893	0.00826446	0.01652893	0.00826446	0.01652893	0.00826446	0.00826446	0.02479339	0.0	0.03305785	0.00826446	0.01652893	0.00826446	0.00826446	0.03305785	0.01652893	0.00826446	0.03305785	0.01652893	0.08264463	0.02479339	0.0	0.01652893	0.03305785	0.0	0.00826446	0.00826446	0.00826446	0.0	0.03305785	0.0	0.00826446	0.0	0.00826446	0.00826446	0.05785124	0.0	0.0	0.0	0.0	0.0
0.03149606	0.01574803	0.03937008	0.01574803	0.0	0.02362205	0.0	0.01574803	0.00787402	0.02362205	0.03149606	0.03149606	0.00787402	0.00787402	0.00787402	0.03149606	0.01574803	0.00787402	0.01574803	0.0	0.01574803	0.03149606	0.00787402	0.03937008	0.00787402	0.0	0.0	0.0	0.03149606	0.01574803	0.02362205	0.01574803	0.03937008	0.01574803	0.02362205	0.00787402	0.00787402	0.02362205	0.0	0.00787402	0.02362205	0.00787402	0.00787402	0.00787402	0.0	0.00787402	0.03149606	0.00787402	0.01574803	0.0	0.01574803	0.03937008	0.01574803	0.01574803	0.0	0.01574803	0.04724409	0.00787402	0.00787402	0.00787402	0.03149606	0.01574803	0.00787402	0.01574803
0.09565217	0.02608696	0.03478261	0.0173913	0.00869565	0.0173913	0.00869565	0.0173913	0.0173913	0.00869565	0.0173913	0.00869565	0.0	0.00869565	0.02608696	0.00869565	0.03478261	0.00869565	0.00869565	0.00869565	0.03478261	0.03478261	0.0	0.0	0.0173913	0.00869565	0.0173913	0.0	0.0	0.03478261	0.0173913	0.00869565	0.04347826	0.0173913	0.00869565	0.0173913	0.00869565	0.0173913	0.0173913	0.00869565	0.0	0.0173913	0.00869565	0.0173913	0.0	0.00869565	0.04347826	0.00869565	0.0	0.0	0.0	0.0	0.00869565	0.0	0.0173913	0.03478261	0.05217391	0.0173913	0.0	0.03478261	0.0	0.00869565	0.0173913	0.00869565
0.03738318	0.00934579	0.01869159	0.01869159	0.01869159	0.00934579	0.0	0.00934579	0.01869159	0.0	0.01869159	0.03738318	0.03738318	0.00934579	0.05607477	0.00934579	0.0	0.00934579	0.01869159	0.03738318	0.01869159	0.0	0.0	0.00934579	0.0	0.0	0.0	0.0	0.0	0.01869159	0.01869159	0.00934579	0.02803738	0.0	0.01869159	0.00934579	0.00934579	0.0	0.0	0.00934579	0.00934579	0.0	0.01869159	0.00934579	0.03738318	0.00934579	0.01869159	0.02803738	0.01869159	0.01869159	0.01869159	0.04672897	0.01869159	0.01869159	0.0	0.01869159	0.02803738	0.01869159	0.00934579	0.04672897	0.02803738	0.00934579	0.00934579	0.03738318
0.0	0.0	0.01709402	0.00854701	0.0	0.0	0.00854701	0.0	0.00854701	0.03418803	0.01709402	0.01709402	0.0	0.00854701	0.01709402	0.0	0.00854701	0.0	0.05128205	0.00854701	0.00854701	0.01709402	0.01709402	0.02564103	0.00854701	0.02564103	0.00854701	0.00854701	0.0	0.01709402	0.02564103	0.05128205	0.01709402	0.00854701	0.00854701	0.01709402	0.02564103	0.03418803	0.0	0.04273504	0.02564103	0.03418803	0.01709402	0.02564103	0.0	0.03418803	0.00854701	0.01709402	0.0	0.0	0.0	0.0	0.03418803	0.01709402	0.02564103	0.01709402	0.00854701	0.00854701	0.05982906	0.00854701	0.0	0.03418803	0.03418803	0.01709402
0.02521008	0.02521008	0.00840336	0.02521008	0.01680672	0.0	0.0	0.02521008	0.00840336	0.01680672	0.03361345	0.01680672	0.05042017	0.00840336	0.01680672	0.02521008	0.03361345	0.01680672	0.01680672	0.00840336	0.01680672	0.00840336	0.0	0.00840336	0.0	0.0	0.0	0.0	0.00840336	0.00840336	0.03361345	0.00840336	0.01680672	0.0	0.03361345	0.02521008	0.00840336	0.00840336	0.0	0.01680672	0.02521008	0.01680672	0.00840336	0.00840336	0.00840336	0.02521008	0.02521008	0.0	0.00840336	0.0	0.01680672	0.04201681	0.03361345	0.01680672	0.0	0.00840336	0.04201681	0.00840336	0.01680672	0.03361345	0.0	0.01680672	0.02521008	0.03361345
0.00813008	0.00813008	0.00813008	0.01626016	0.02439024	0.0	0.0	0.00813008	0.04065041	0.02439024	0.01626016	0.02439024	0.0	0.03252033	0.02439024	0.00813008	0.02439024	0.00813008	0.04878049	0.00813008	0.00813008	0.0	0.00813008	0.01626016	0.00813008	0.00813008	0.0	0.0	0.00813008	0.00813008	0.03252033	0.03252033	0.0	0.01626016	0.04878049	0.03252033	0.04065041	0.00813008	0.0	0.00813008	0.03252033	0.00813008	0.0	0.01626016	0.0	0.02439024	0.01626016	0.00813008	0.00813008	0.0	0.0	0.00813008	0.01626016	0.02439024	0.00813008	0.04065041	0.02439024	0.01626016	0.04065041	0.00813008	0.00813008	0.02439024	0.01626016	0.03252033
0.02380952	0.01587302	0.00793651	0.00793651	0.02380952	0.0	0.0	0.03174603	0.0	0.01587302	0.02380952	0.04761905	0.00793651	0.0	0.01587302	0.0	0.0	0.01587302	0.03174603	0.01587302	0.00793651	0.0	0.0	0.00793651	0.0	0.0	0.0	0.0	0.02380952	0.02380952	0.01587302	0.03174603	0.01587302	0.00793651	0.00793651	0.0	0.01587302	0.00793651	0.0	0.02380952	0.00793651	0.00793651	0.00793651	0.03174603	0.02380952	0.00793651	0.04761905	0.03968254	0.01587302	0.01587302	0.03968254	0.0	0.01587302	0.01587302	0.0	0.03174603	0.02380952	0.01587302	0.02380952	0.03968254	0.01587302	0.03174603	0.02380952	0.03968254
0.02542373	0.01694915	0.03389831	0.0	0.02542373	0.00847458	0.0	0.02542373	0.01694915	0.01694915	0.05084746	0.00847458	0.00847458	0.0	0.01694915	0.00847458	0.00847458	0.02542373	0.01694915	0.00847458	0.00847458	0.00847458	0.00847458	0.01694915	0.00847458	0.0	0.00847458	0.0	0.01694915	0.00847458	0.00847458	0.02542373	0.03389831	0.0	0.00847458	0.01694915	0.00847458	0.01694915	0.00847458	0.00847458	0.03389831	0.02542373	0.01694915	0.04237288	0.04237288	0.00847458	0.03389831	0.00847458	0.00847458	0.01694915	0.03389831	0.00847458	0.01694915	0.00847458	0.0	0.00847458	0.0	0.0	0.03389831	0.04237288	0.00847458	0.01694915	0.01694915	0.02542373
0.01754386	0.0	0.00877193	0.01754386	0.00877193	0.01754386	0.0	0.00877193	0.01754386	0.01754386	0.02631579	0.01754386	0.0	0.01754386	0.00877193	0.01754386	0.0	0.0	0.02631579	0.01754386	0.01754386	0.01754386	0.0	0.03508772	0.0	0.0	0.0	0.0	0.0	0.01754386	0.03508772	0.04385965	0.02631579	0.03508772	0.03508772	0.00877193	0.0	0.0	0.0	0.02631579	0.04385965	0.0	0.01754386	0.01754386	0.0	0.00877193	0.04385965	0.00877193	0.0	0.0	0.00877193	0.0	0.01754386	0.03508772	0.0	0.02631579	0.04385965	0.00877193	0.04385965	0.02631579	0.00877193	0.02631579	0.03508772	0.03508772
0.01801802	0.0	0.01801802	0.02702703	0.0	0.01801802	0.00900901	0.0	0.04504505	0.02702703	0.02702703	0.02702703	0.0	0.00900901	0.02702703	0.02702703	0.0	0.00900901	0.01801802	0.0	0.00900901	0.00900901	0.0	0.02702703	0.0	0.0	0.0	0.00900901	0.02702703	0.0	0.01801802	0.0	0.02702703	0.00900901	0.04504505	0.00900901	0.01801802	0.00900901	0.0	0.0	0.03603604	0.0	0.01801802	0.01801802	0.03603604	0.01801802	0.02702703	0.02702703	0.01801802	0.00900901	0.05405405	0.02702703	0.0	0.00900901	0.0	0.01801802	0.00900901	0.0	0.02702703	0.04504505	0.04504505	0.0	0.00900901	0.02702703
0.0	0.00877193	0.00877193	0.0	0.0	0.00877193	0.0	0.02631579	0.03508772	0.01754386	0.02631579	0.01754386	0.0	0.01754386	0.0	0.0	0.00877193	0.0	0.04385965	0.0	0.02631579	0.01754386	0.0	0.00877193	0.0	0.0	0.0	0.0	0.0	0.02631579	0.03508772	0.04385965	0.00877193	0.01754386	0.04385965	0.00877193	0.01754386	0.01754386	0.0	0.00877193	0.02631579	0.0	0.05263158	0.03508772	0.00877193	0.02631579	0.01754386	0.02631579	0.0	0.00877193	0.0	0.00877193	0.00877193	0.00877193	0.0	0.06140351	0.01754386	0.02631579	0.03508772	0.03508772	0.00877193	0.0	0.06140351	0.02631579
0.00806452	0.01612903	0.01612903	0.0	0.0	0.00806452	0.0	0.00806452	0.02419355	0.01612903	0.05645161	0.02419355	0.01612903	0.01612903	0.00806452	0.0	0.00806452	0.0	0.04032258	0.04032258	0.0	0.0	0.0	0.02419355	0.0	0.0	0.0	0.0	0.0	0.01612903	0.02419355	0.01612903	0.01612903	0.0	0.02419355	0.0	0.0483871	0.00806452	0.0	0.01612903	0.01612903	0.01612903	0.0483871	0.0483871	0.00806452	0.02419355	0.05645161	0.02419355	0.00806452	0.0	0.04032258	0.0	0.04032258	0.00806452	0.0	0.01612903	0.0	0.03225806	0.02419355	0.04032258	0.02419355	0.00806452	0.00806452	0.00806452
0.0	0.01904762	0.00952381	0.0	0.03809524	0.0	0.0	0.0	0.00952381	0.00952381	0.02857143	0.01904762	0.00952381	0.00952381	0.02857143	0.01904762	0.02857143	0.0	0.01904762	0.01904762	0.0	0.0	0.0	0.00952381	0.0	0.0	0.0	0.0	0.01904762	0.0	0.03809524	0.02857143	0.0	0.01904762	0.02857143	0.02857143	0.01904762	0.0	0.0	0.02857143	0.04761905	0.02857143	0.02857143	0.01904762	0.0	0.00952381	0.04761905	0.01904762	0.0	0.0	0.01904762	0.00952381	0.00952381	0.00952381	0.0	0.04761905	0.01904762	0.00952381	0.06666667	0.03809524	0.0	0.04761905	0.01904762	0.01904762
0.03571429	0.00892857	0.0	0.02678571	0.0	0.00892857	0.01785714	0.04464286	0.02678571	0.0	0.00892857	0.0	0.00892857	0.00892857	0.0	0.02678571	0.01785714	0.00892857	0.00892857	0.0	0.0	0.0	0.0	0.05357143	0.00892857	0.00892857	0.0	0.00892857	0.01785714	0.04464286	0.05357143	0.02678571	0.00892857	0.02678571	0.01785714	0.01785714	0.00892857	0.00892857	0.0	0.00892857	0.01785714	0.00892857	0.0	0.00892857	0.00892857	0.02678571	0.01785714	0.0	0.00892857	0.02678571	0.00892857	0.0	0.01785714	0.03571429	0.00892857	0.03571429	0.01785714	0.00892857	0.02678571	0.03571429	0.00892857	0.02678571	0.01785714	0.04464286
0.00847458	0.01694915	0.03389831	0.00847458	0.01694915	0.00847458	0.0	0.00847458	0.04237288	0.02542373	0.02542373	0.00847458	0.01694915	0.0	0.06779661	0.00847458	0.03389831	0.0	0.02542373	0.01694915	0.00847458	0.0	0.0	0.0	0.0	0.0	0.0	0.0	0.00847458	0.01694915	0.01694915	0.02542373	0.01694915	0.01694915	0.02542373	0.04237288	0.04237288	0.0	0.0	0.01694915	0.04237288	0.01694915	0.02542373	0.0	0.01694915	0.00847458	0.0	0.01694915	0.00847458	0.0	0.01694915	0.02542373	0.00847458	0.0	0.0	0.04237288	0.01694915	0.01694915	0.03389831	0.04237288	0.00847458	0.01694915	0.02542373	0.0
0.0	0.0	0.01	0.02	0.0	0.01	0.0	0.02	0.01	0.0	0.04	0.0	0.02	0.01	0.01	0.05	0.0	0.01	0.0	0.04	0.02	0.01	0.0	0.02	0.0	0.0	0.0	0.0	0.02	0.02	0.02	0.03	0.02	0.01	0.02	0.01	0.0	0.01	0.0	0.02	0.02	0.02	0.02	0.03	0.0	0.0	0.04	0.0	0.01	0.01	0.01	0.02	0.04	0.02	0.0	0.03	0.03	0.01	0.03	0.01	0.01	0.06	0.01	0.09
0.06666667	0.01904762	0.04761905	0.00952381	0.00952381	0.00952381	0.00952381	0.01904762	0.03809524	0.00952381	0.01904762	0.02857143	0.00952381	0.0	0.01904762	0.00952381	0.00952381	0.0	0.01904762	0.0	0.01904762	0.00952381	0.0	0.0	0.0	0.0	0.0	0.00952381	0.03809524	0.00952381	0.0	0.02857143	0.02857143	0.00952381	0.00952381	0.0	0.0	0.0	0.0	0.02857143	0.0	0.00952381	0.01904762	0.02857143	0.01904762	0.00952381	0.01904762	0.03809524	0.03809524	0.01904762	0.01904762	0.02857143	0.0	0.00952381	0.0	0.02857143	0.00952381	0.00952381	0.02857143	0.00952381	0.03809524	0.01904762	0.01904762	0.03809524
0.00775194	0.00775194	0.01550388	0.02325581	0.03100775	0.00775194	0.00775194	0.01550388	0.01550388	0.01550388	0.01550388	0.03100775	0.00775194	0.00775194	0.03100775	0.02325581	0.01550388	0.03100775	0.04651163	0.02325581	0.04651163	0.01550388	0.0	0.00775194	0.0	0.00775194	0.0	0.00775194	0.00775194	0.03875969	0.00775194	0.00775194	0.01550388	0.01550388	0.00775194	0.01550388	0.01550388	0.02325581	0.0	0.02325581	0.01550388	0.02325581	0.0	0.0	0.0	0.00775194	0.03875969	0.01550388	0.01550388	0.00775194	0.00775194	0.00775194	0.02325581	0.02325581	0.00775194	0.01550388	0.02325581	0.01550388	0.02325581	0.02325581	0.01550388	0.02325581	0.00775194	0.01550388
0.00892857	0.01785714	0.01785714	0.01785714	0.02678571	0.00892857	0.0	0.01785714	0.03571429	0.0	0.00892857	0.01785714	0.03571429	0.00892857	0.0	0.02678571	0.0	0.01785714	0.00892857	0.03571429	0.0	0.0	0.0	0.00892857	0.00892857	0.0	0.0	0.01785714	0.0	0.0	0.02678571	0.04464286	0.02678571	0.00892857	0.02678571	0.0	0.01785714	0.0	0.0	0.0	0.0	0.0	0.00892857	0.01785714	0.00892857	0.04464286	0.01785714	0.01785714	0.02678571	0.00892857	0.00892857	0.01785714	0.02678571	0.0	0.01785714	0.04464286	0.01785714	0.01785714	0.00892857	0.03571429	0.01785714	0.03571429	0.03571429	0.0625
0.03703704	0.0	0.03703704	0.02777778	0.03703704	0.00925926	0.0	0.01851852	0.03703704	0.02777778	0.00925926	0.0	0.02777778	0.00925926	0.01851852	0.01851852	0.01851852	0.0462963	0.00925926	0.02777778	0.00925926	0.0	0.0	0.0	0.0	0.0	0.0	0.0	0.00925926	0.00925926	0.02777778	0.01851852	0.01851852	0.00925926	0.02777778	0.0	0.02777778	0.0	0.0	0.01851852	0.01851852	0.0	0.00925926	0.01851852	0.00925926	0.01851852	0.00925926	0.01851852	0.02777778	0.0	0.0	0.01851852	0.02777778	0.0	0.0	0.02777778	0.00925926	0.01851852	0.02777778	0.03703704	0.0	0.01851852	0.03703704	0.05555556
0.01754386	0.00877193	0.02631579	0.00877193	0.01754386	0.0	0.00877193	0.03508772	0.00877193	0.00877193	0.00877193	0.05263158	0.00877193	0.0	0.03508772	0.0	0.01754386	0.02631579	0.03508772	0.01754386	0.01754386	0.01754386	0.0	0.0	0.0	0.0	0.00877193	0.0	0.01754386	0.0	0.04385965	0.01754386	0.00877193	0.01754386	0.00877193	0.0	0.01754386	0.00877193	0.0	0.02631579	0.01754386	0.01754386	0.00877193	0.00877193	0.01754386	0.04385965	0.03508772	0.01754386	0.01754386	0.00877193	0.00877193	0.01754386	0.03508772	0.00877193	0.0	0.01754386	0.00877193	0.02631579	0.02631579	0.05263158	0.00877193	0.01754386	0.0	0.02631579
0.0	0.0	0.03921569	0.0	0.01960784	0.0	0.0	0.00980392	0.02941176	0.01960784	0.04901961	0.01960784	0.0	0.0	0.02941176	0.01960784	0.02941176	0.00980392	0.02941176	0.00980392	0.0	0.0	0.0	0.01960784	0.0	0.0	0.0	0.0	0.00980392	0.00980392	0.01960784	0.03921569	0.0	0.01960784	0.01960784	0.02941176	0.03921569	0.01960784	0.0	0.02941176	0.01960784	0.02941176	0.03921569	0.01960784	0.0	0.00980392	0.01960784	0.00980392	0.00980392	0.0	0.02941176	0.00980392	0.01960784	0.0	0.0	0.01960784	0.01960784	0.03921569	0.01960784	0.0	0.03921569	0.00980392	0.01960784	0.04901961
0.01574803	0.02362205	0.01574803	0.01574803	0.03149606	0.00787402	0.00787402	0.0	0.01574803	0.00787402	0.03149606	0.02362205	0.00787402	0.02362205	0.03149606	0.02362205	0.02362205	0.00787402	0.03149606	0.01574803	0.01574803	0.0	0.0	0.01574803	0.01574803	0.0	0.0	0.0	0.00787402	0.00787402	0.00787402	0.03149606	0.02362205	0.00787402	0.01574803	0.04724409	0.00787402	0.01574803	0.0	0.02362205	0.01574803	0.01574803	0.0	0.01574803	0.01574803	0.0	0.00787402	0.02362205	0.00787402	0.00787402	0.01574803	0.00787402	0.01574803	0.00787402	0.00787402	0.01574803	0.04724409	0.02362205	0.01574803	0.00787402	0.00787402	0.02362205	0.04724409	0.03937008
0.01	0.01	0.02	0.02	0.0	0.02	0.0	0.0	0.01	0.0	0.04	0.02	0.03	0.0	0.03	0.03	0.01	0.01	0.01	0.01	0.0	0.0	0.0	0.03	0.0	0.0	0.0	0.0	0.01	0.02	0.01	0.01	0.01	0.0	0.03	0.02	0.01	0.0	0.0	0.0	0.03	0.01	0.09	0.02	0.01	0.03	0.01	0.01	0.02	0.0	0.01	0.04	0.03	0.01	0.0	0.02	0.02	0.0	0.02	0.02	0.02	0.01	0.02	0.12
0.00787402	0.01574803	0.00787402	0.0	0.0	0.02362205	0.0	0.01574803	0.01574803	0.02362205	0.00787402	0.01574803	0.0	0.00787402	0.0	0.01574803	0.02362205	0.02362205	0.03149606	0.01574803	0.04724409	0.05511811	0.01574803	0.02362205	0.0	0.02362205	0.01574803	0.0	0.0	0.01574803	0.06299213	0.00787402	0.0	0.0	0.01574803	0.0	0.03149606	0.04724409	0.02362205	0.02362205	0.0	0.05511811	0.03937008	0.0	0.0	0.02362205	0.01574803	0.00787402	0.0	0.0	0.00787402	0.0	0.01574803	0.01574803	0.0	0.02362205	0.00787402	0.02362205	0.03149606	0.03149606	0.00787402	0.00787402	0.01574803	0.00787402
0.0	0.0	0.04098361	0.0	0.0	0.02459016	0.0	0.00819672	0.02459016	0.02459016	0.01639344	0.03278689	0.0	0.00819672	0.00819672	0.00819672	0.01639344	0.00819672	0.04098361	0.01639344	0.04918033	0.03278689	0.0	0.00819672	0.0	0.0	0.0	0.0	0.0	0.0	0.01639344	0.04098361	0.02459016	0.02459016	0.01639344	0.00819672	0.01639344	0.0	0.0	0.02459016	0.01639344	0.01639344	0.04918033	0.03278689	0.0	0.00819672	0.04098361	0.02459016	0.0	0.0	0.0	0.0	0.01639344	0.03278689	0.0	0.01639344	0.03278689	0.00819672	0.04918033	0.00819672	0.0	0.04098361	0.03278689	0.03278689
0.03603604	0.02702703	0.01801802	0.02702703	0.05405405	0.0	0.00900901	0.01801802	0.04504505	0.02702703	0.00900901	0.03603604	0.00900901	0.00900901	0.03603604	0.0	0.01801802	0.03603604	0.04504505	0.00900901	0.0	0.0	0.0	0.0	0.0	0.0	0.0	0.00900901	0.0	0.01801802	0.03603604	0.00900901	0.04504505	0.00900901	0.03603604	0.01801802	0.03603604	0.0	0.0	0.02702703	0.01801802	0.0	0.0	0.0	0.00900901	0.00900901	0.02702703	0.01801802	0.00900901	0.0	0.01801802	0.0	0.02702703	0.0	0.0	0.01801802	0.04504505	0.03603604	0.00900901	0.01801802	0.00900901	0.00900901	0.00900901	0.0
0.11111111	0.03703704	0.00925926	0.03703704	0.00925926	0.00925926	0.0	0.0462963	0.01851852	0.01851852	0.01851852	0.00925926	0.02777778	0.00925926	0.02777778	0.01851852	0.01851852	0.01851852	0.01851852	0.00925926	0.01851852	0.01851852	0.0	0.00925926	0.0	0.0	0.0	0.0	0.02777778	0.00925926	0.00925926	0.01851852	0.00925926	0.0	0.00925926	0.01851852	0.02777778	0.00925926	0.0	0.00925926	0.00925926	0.00925926	0.00925926	0.00925926	0.01851852	0.0	0.00925926	0.00925926	0.06481481	0.00925926	0.02777778	0.01851852	0.00925926	0.00925926	0.0	0.0	0.00925926	0.01851852	0.00925926	0.01851852	0.0462963	0.0	0.00925926	0.00925926
0.01851852	0.0462963	0.00925926	0.00925926	0.08333333	0.02777778	0.0	0.01851852	0.01851852	0.0462963	0.02777778	0.00925926	0.01851852	0.00925926	0.0	0.0	0.0462963	0.06481481	0.01851852	0.0	0.02777778	0.02777778	0.0	0.0462963	0.0	0.0	0.0	0.0	0.03703704	0.00925926	0.00925926	0.01851852	0.0	0.0	0.03703704	0.0	0.00925926	0.03703704	0.0	0.00925926	0.00925926	0.0	0.0	0.01851852	0.01851852	0.0	0.01851852	0.00925926	0.01851852	0.01851852	0.03703704	0.01851852	0.00925926	0.00925926	0.0	0.0	0.00925926	0.00925926	0.0	0.01851852	0.00925926	0.00925926	0.00925926	0.00925926
0.0	0.01869159	0.0	0.00934579	0.01869159	0.01869159	0.0	0.00934579	0.0	0.00934579	0.00934579	0.00934579	0.00934579	0.01869159	0.02803738	0.01869159	0.00934579	0.01869159	0.01869159	0.00934579	0.00934579	0.00934579	0.0	0.04672897	0.0	0.0	0.0	0.0	0.0	0.01869159	0.04672897	0.02803738	0.00934579	0.0	0.01869159	0.02803738	0.00934579	0.02803738	0.0	0.00934579	0.01869159	0.00934579	0.0	0.03738318	0.00934579	0.0	0.02803738	0.03738318	0.00934579	0.00934579	0.0	0.01869159	0.01869159	0.00934579	0.0	0.02803738	0.03738318	0.02803738	0.05607477	0.02803738	0.01869159	0.01869159	0.04672897	0.03738318
0.00740741	0.00740741	0.01481481	0.01481481	0.0	0.01481481	0.0	0.02222222	0.01481481	0.02222222	0.02222222	0.00740741	0.00740741	0.00740741	0.02962963	0.0	0.01481481	0.00740741	0.00740741	0.00740741	0.0	0.01481481	0.00740741	0.02962963	0.00740741	0.0	0.00740741	0.0	0.02962963	0.05925926	0.03703704	0.02222222	0.02222222	0.0	0.02962963	0.01481481	0.01481481	0.00740741	0.0	0.05185185	0.02222222	0.02962963	0.04444444	0.00740741	0.01481481	0.00740741	0.02222222	0.0	0.0	0.02222222	0.02222222	0.00740741	0.02222222	0.01481481	0.00740741	0.04444444	0.02222222	0.02222222	0.02962963	0.02222222	0.0	0.01481481	0.00740741	0.00740741
0.02238806	0.00746269	0.01492537	0.02238806	0.00746269	0.00746269	0.0	0.02985075	0.03731343	0.05223881	0.01492537	0.0	0.03731343	0.00746269	0.01492537	0.0	0.02238806	0.01492537	0.02985075	0.02238806	0.03731343	0.02985075	0.0	0.00746269	0.0	0.0	0.00746269	0.0	0.00746269	0.02985075	0.03731343	0.01492537	0.0	0.01492537	0.04477612	0.00746269	0.02985075	0.02238806	0.00746269	0.02238806	0.01492537	0.00746269	0.0	0.01492537	0.0	0.00746269	0.0	0.02238806	0.02238806	0.00746269	0.01492537	0.00746269	0.01492537	0.01492537	0.0	0.03731343	0.01492537	0.02238806	0.01492537	0.01492537	0.00746269	0.01492537	0.01492537	0.02238806
0.0	0.0	0.02238806	0.0	0.00746269	0.00746269	0.00746269	0.01492537	0.01492537	0.01492537	0.02238806	0.04477612	0.01492537	0.00746269	0.00746269	0.0	0.0	0.02238806	0.04477612	0.00746269	0.02238806	0.01492537	0.00746269	0.02238806	0.0	0.01492537	0.0	0.01492537	0.0	0.02985075	0.04477612	0.01492537	0.01492537	0.0	0.01492537	0.00746269	0.02238806	0.01492537	0.00746269	0.02238806	0.01492537	0.01492537	0.01492537	0.00746269	0.02238806	0.03731343	0.02985075	0.01492537	0.00746269	0.01492537	0.01492537	0.01492537	0.02238806	0.02985075	0.00746269	0.02985075	0.01492537	0.02238806	0.01492537	0.02985075	0.01492537	0.01492537	0.0	0.03731343
0.00729927	0.0	0.01459854	0.00729927	0.0	0.00729927	0.0	0.01459854	0.00729927	0.00729927	0.02919708	0.04379562	0.00729927	0.0	0.00729927	0.02919708	0.00729927	0.01459854	0.02189781	0.00729927	0.02189781	0.00729927	0.00729927	0.00729927	0.0	0.0	0.0	0.00729927	0.0	0.0	0.01459854	0.02919708	0.0	0.0	0.02919708	0.02189781	0.0	0.0	0.0	0.02189781	0.03649635	0.0	0.03649635	0.04379562	0.01459854	0.0	0.04379562	0.05109489	0.01459854	0.00729927	0.02189781	0.00729927	0.02919708	0.02919708	0.0	0.00729927	0.00729927	0.01459854	0.05109489	0.01459854	0.02919708	0.06569343	0.01459854	0.05839416
0.0	0.0	0.00740741	0.0	0.00740741	0.00740741	0.0	0.0	0.02222222	0.02222222	0.02962963	0.02962963	0.0	0.0	0.00740741	0.00740741	0.0	0.0	0.02222222	0.01481481	0.0	0.02222222	0.0	0.05185185	0.0	0.0	0.0	0.0	0.01481481	0.02222222	0.04444444	0.02222222	0.00740741	0.00740741	0.05925926	0.0	0.02962963	0.00740741	0.00740741	0.02222222	0.02962963	0.02222222	0.03703704	0.03703704	0.0	0.02222222	0.07407407	0.00740741	0.0	0.00740741	0.00740741	0.0	0.0	0.03703704	0.0	0.02962963	0.02222222	0.02222222	0.05925926	0.03703704	0.0	0.02222222	0.01481481	0.01481481
0.00869565	0.03478261	0.02608696	0.0	0.00869565	0.0173913	0.02608696	0.0173913	0.0173913	0.0173913	0.03478261	0.02608696	0.0	0.0173913	0.00869565	0.0	0.0173913	0.00869565	0.03478261	0.0	0.00869565	0.0	0.00869565	0.00869565	0.04347826	0.0	0.0173913	0.00869565	0.00869565	0.02608696	0.0173913	0.0173913	0.04347826	0.00869565	0.02608696	0.0173913	0.0173913	0.0	0.00869565	0.00869565	0.0173913	0.00869565	0.0173913	0.02608696	0.02608696	0.02608696	0.0173913	0.0173913	0.0	0.0173913	0.00869565	0.00869565	0.0173913	0.00869565	0.02608696	0.03478261	0.02608696	0.00869565	0.0	0.02608696	0.0	0.0173913	0.0173913	0.00869565
0.00787402	0.0	0.01574803	0.00787402	0.00787402	0.00787402	0.0	0.00787402	0.03937008	0.01574803	0.03149606	0.00787402	0.0	0.0	0.03937008	0.01574803	0.0	0.00787402	0.02362205	0.01574803	0.01574803	0.03149606	0.0	0.01574803	0.0	0.0	0.0	0.00787402	0.00787402	0.0	0.06299213	0.00787402	0.01574803	0.00787402	0.03937008	0.02362205	0.00787402	0.01574803	0.0	0.03149606	0.02362205	0.02362205	0.00787402	0.02362205	0.02362205	0.03149606	0.01574803	0.02362205	0.00787402	0.00787402	0.01574803	0.00787402	0.01574803	0.00787402	0.0	0.02362205	0.02362205	0.01574803	0.04724409	0.05511811	0.00787402	0.01574803	0.02362205	0.00787402
0.0	0.016	0.032	0.008	0.008	0.016	0.008	0.032	0.032	0.016	0.032	0.024	0.0	0.008	0.0	0.0	0.016	0.008	0.04	0.0	0.008	0.024	0.016	0.032	0.0	0.008	0.008	0.008	0.008	0.04	0.048	0.024	0.032	0.024	0.016	0.0	0.032	0.024	0.0	0.016	0.008	0.016	0.008	0.024	0.024	0.024	0.016	0.0	0.008	0.016	0.008	0.0	0.016	0.016	0.008	0.04	0.032	0.032	0.008	0.008	0.0	0.008	0.016	0.0
0.02564103	0.01709402	0.00854701	0.01709402	0.01709402	0.0	0.0	0.01709402	0.01709402	0.01709402	0.00854701	0.00854701	0.0	0.01709402	0.01709402	0.01709402	0.00854701	0.00854701	0.01709402	0.02564103	0.01709402	0.0	0.03418803	0.00854701	0.0	0.00854701	0.00854701	0.03418803	0.01709402	0.00854701	0.03418803	0.01709402	0.01709402	0.0	0.01709402	0.0	0.02564103	0.02564103	0.0	0.03418803	0.00854701	0.00854701	0.00854701	0.01709402	0.00854701	0.02564103	0.03418803	0.00854701	0.01709402	0.00854701	0.01709402	0.00854701	0.0	0.03418803	0.01709402	0.01709402	0.00854701	0.05128205	0.01709402	0.01709402	0.01709402	0.01709402	0.00854701	0.05128205
0.00740741	0.0	0.02222222	0.0	0.01481481	0.0	0.0	0.0	0.00740741	0.03703704	0.02222222	0.00740741	0.0	0.00740741	0.00740741	0.00740741	0.01481481	0.00740741	0.02962963	0.00740741	0.01481481	0.02962963	0.02962963	0.01481481	0.00740741	0.03703704	0.04444444	0.0	0.01481481	0.01481481	0.02222222	0.01481481	0.00740741	0.00740741	0.01481481	0.00740741	0.02962963	0.03703704	0.04444444	0.05185185	0.01481481	0.07407407	0.01481481	0.02222222	0.0	0.00740741	0.02222222	0.01481481	0.0	0.0	0.00740741	0.00740741	0.0	0.02962963	0.01481481	0.0	0.00740741	0.00740741	0.04444444	0.01481481	0.0	0.01481481	0.02222222	0.01481481
0.024	0.016	0.016	0.0	0.008	0.024	0.008	0.016	0.008	0.016	0.024	0.056	0.0	0.008	0.0	0.0	0.016	0.024	0.032	0.0	0.04	0.016	0.0	0.024	0.0	0.016	0.0	0.008	0.0	0.024	0.024	0.032	0.016	0.0	0.032	0.0	0.008	0.024	0.016	0.008	0.032	0.008	0.04	0.008	0.016	0.024	0.016	0.024	0.0	0.016	0.024	0.008	0.024	0.016	0.0	0.032	0.008	0.016	0.024	0.008	0.032	0.016	0.016	0.008
0.0	0.01459854	0.02919708	0.0	0.00729927	0.01459854	0.01459854	0.02189781	0.01459854	0.02189781	0.02919708	0.0	0.0	0.0	0.00729927	0.0	0.00729927	0.02189781	0.02189781	0.0	0.01459854	0.05839416	0.04379562	0.02919708	0.01459854	0.02919708	0.03649635	0.00729927	0.0	0.04379562	0.02189781	0.01459854	0.03649635	0.01459854	0.01459854	0.00729927	0.02189781	0.04379562	0.01459854	0.02919708	0.03649635	0.04379562	0.05839416	0.00729927	0.00729927	0.00729927	0.0	0.0	0.0	0.00729927	0.0	0.0	0.00729927	0.02919708	0.01459854	0.00729927	0.00729927	0.01459854	0.01459854	0.0	0.0	0.00729927	0.00729927	0.0
0.04827586	0.02068966	0.02068966	0.03448276	0.00689655	0.0137931	0.0	0.02068966	0.02758621	0.02068966	0.0	0.0137931	0.02068966	0.0137931	0.04137931	0.02068966	0.04137931	0.0	0.0137931	0.0	0.00689655	0.0	0.0	0.02068966	0.0	0.0	0.0	0.0	0.0137931	0.02068966	0.04137931	0.0137931	0.02758621	0.0137931	0.0137931	0.04137931	0.0137931	0.0	0.0	0.02068966	0.00689655	0.00689655	0.0137931	0.0	0.0	0.02068966	0.0	0.02068966	0.00689655	0.00689655	0.0137931	0.02068966	0.02758621	0.0137931	0.0	0.02758621	0.06206897	0.00689655	0.0137931	0.02758621	0.0137931	0.0137931	0.03448276	0.0137931
0.03649635	0.00729927	0.02189781	0.00729927	0.03649635	0.0	0.0	0.01459854	0.01459854	0.03649635	0.01459854	0.02919708	0.00729927	0.01459854	0.02189781	0.02189781	0.00729927	0.00729927	0.02919708	0.04379562	0.00729927	0.00729927	0.0	0.0	0.00729927	0.0	0.0	0.0	0.0	0.01459854	0.03649635	0.01459854	0.02189781	0.01459854	0.03649635	0.00729927	0.02919708	0.0	0.0	0.02189781	0.00729927	0.00729927	0.0	0.01459854	0.01459854	0.01459854	0.03649635	0.01459854	0.00729927	0.02189781	0.00729927	0.00729927	0.01459854	0.00729927	0.00729927	0.02919708	0.04379562	0.00729927	0.01459854	0.03649635	0.02189781	0.01459854	0.01459854	0.04379562
0.02105263	0.01052632	0.03157895	0.02105263	0.01052632	0.0	0.0	0.0	0.01052632	0.04210526	0.01052632	0.0	0.0	0.01052632	0.01052632	0.02105263	0.02105263	0.0	0.01052632	0.0	0.01052632	0.04210526	0.01052632	0.03157895	0.0	0.0	0.0	0.02105263	0.02105263	0.01052632	0.02105263	0.02105263	0.02105263	0.0	0.01052632	0.01052632	0.01052632	0.04210526	0.01052632	0.03157895	0.01052632	0.01052632	0.11578947	0.01052632	0.0	0.0	0.02105263	0.03157895	0.02105263	0.0	0.01052632	0.0	0.0	0.01052632	0.0	0.01052632	0.02105263	0.04210526	0.02105263	0.02105263	0.02105263	0.0	0.05263158	0.01052632
0.01481481	0.00740741	0.00740741	0.00740741	0.01481481	0.04444444	0.00740741	0.02222222	0.02222222	0.00740741	0.02222222	0.01481481	0.02222222	0.00740741	0.01481481	0.01481481	0.0	0.05185185	0.01481481	0.02222222	0.02222222	0.00740741	0.01481481	0.02962963	0.00740741	0.00740741	0.01481481	0.00740741	0.01481481	0.02222222	0.02222222	0.00740741	0.00740741	0.0	0.02962963	0.02222222	0.02962963	0.02222222	0.01481481	0.00740741	0.00740741	0.03703704	0.02222222	0.01481481	0.01481481	0.0	0.02962963	0.0	0.01481481	0.02962963	0.01481481	0.00740741	0.02222222	0.0	0.0	0.00740741	0.02222222	0.02222222	0.02222222	0.00740741	0.01481481	0.0	0.00740741	0.02962963
0.0	0.0	0.0	0.0	0.0	0.03100775	0.0	0.0	0.0	0.01550388	0.01550388	0.0	0.0	0.0	0.0	0.0	0.0	0.02325581	0.01550388	0.0	0.02325581	0.08527132	0.04651163	0.05426357	0.0	0.03100775	0.07751938	0.00775194	0.0	0.07751938	0.03100775	0.0	0.0	0.00775194	0.01550388	0.0	0.01550388	0.04651163	0.06976744	0.00775194	0.01550388	0.06976744	0.02325581	0.00775194	0.0	0.00775194	0.00775194	0.01550388	0.0	0.0	0.0	0.0	0.0	0.04651163	0.0	0.03875969	0.00775194	0.02325581	0.00775194	0.01550388	0.0	0.0	0.01550388	0.0
0.01574803	0.0	0.02362205	0.00787402	0.00787402	0.01574803	0.0	0.0	0.02362205	0.0	0.03149606	0.03149606	0.00787402	0.01574803	0.0	0.00787402	0.01574803	0.00787402	0.02362205	0.00787402	0.01574803	0.03149606	0.0	0.03149606	0.0	0.0	0.00787402	0.0	0.00787402	0.07086614	0.03149606	0.00787402	0.00787402	0.00787402	0.03149606	0.00787402	0.00787402	0.0	0.0	0.00787402	0.00787402	0.01574803	0.03937008	0.03149606	0.00787402	0.03937008	0.03149606	0.01574803	0.00787402	0.00787402	0.00787402	0.00787402	0.02362205	0.03149606	0.00787402	0.07874016	0.01574803	0.0	0.01574803	0.03149606	0.00787402	0.02362205	0.0	0.02362205
0.00854701	0.04273504	0.01709402	0.00854701	0.00854701	0.01709402	0.0	0.04273504	0.0	0.02564103	0.01709402	0.01709402	0.00854701	0.00854701	0.00854701	0.0	0.03418803	0.01709402	0.00854701	0.01709402	0.03418803	0.00854701	0.00854701	0.02564103	0.0	0.00854701	0.0	0.0	0.00854701	0.03418803	0.03418803	0.02564103	0.03418803	0.0	0.02564103	0.0	0.02564103	0.01709402	0.0	0.00854701	0.03418803	0.00854701	0.02564103	0.03418803	0.0	0.00854701	0.03418803	0.01709402	0.00854701	0.00854701	0.00854701	0.0	0.00854701	0.02564103	0.0	0.02564103	0.02564103	0.00854701	0.05982906	0.00854701	0.00854701	0.00854701	0.02564103	0.0
0.03937008	0.03149606	0.02362205	0.00787402	0.05511811	0.00787402	0.0	0.01574803	0.01574803	0.01574803	0.03149606	0.02362205	0.01574803	0.00787402	0.03149606	0.00787402	0.03149606	0.00787402	0.03149606	0.03937008	0.01574803	0.01574803	0.0	0.00787402	0.0	0.0	0.00787402	0.0	0.02362205	0.0	0.01574803	0.01574803	0.01574803	0.03149606	0.01574803	0.00787402	0.02362205	0.0	0.0	0.03149606	0.03149606	0.00787402	0.01574803	0.0	0.00787402	0.02362205	0.01574803	0.00787402	0.01574803	0.0	0.02362205	0.00787402	0.01574803	0.01574803	0.00787402	0.0	0.02362205	0.03149606	0.0	0.03149606	0.0	0.00787402	0.02362205	0.01574803
0.02362205	0.01574803	0.02362205	0.01574803	0.0	0.02362205	0.00787402	0.0	0.03937008	0.02362205	0.04724409	0.0	0.0	0.01574803	0.00787402	0.00787402	0.01574803	0.0	0.02362205	0.01574803	0.02362205	0.03937008	0.01574803	0.02362205	0.0	0.00787402	0.01574803	0.0	0.01574803	0.01574803	0.03149606	0.01574803	0.03937008	0.00787402	0.05511811	0.0	0.00787402	0.01574803	0.0	0.03149606	0.04724409	0.01574803	0.01574803	0.01574803	0.0	0.01574803	0.0	0.00787402	0.0	0.00787402	0.00787402	0.0	0.02362205	0.02362205	0.0	0.02362205	0.01574803	0.00787402	0.01574803	0.00787402	0.0	0.02362205	0.00787402	0.04724409
0.00729927	0.01459854	0.01459854	0.00729927	0.0	0.00729927	0.0	0.02189781	0.01459854	0.01459854	0.02919708	0.0	0.00729927	0.0	0.0	0.00729927	0.00729927	0.00729927	0.00729927	0.0	0.0	0.02919708	0.05839416	0.05839416	0.01459854	0.01459854	0.03649635	0.02189781	0.01459854	0.02189781	0.02919708	0.03649635	0.02189781	0.00729927	0.02189781	0.00729927	0.02189781	0.03649635	0.02189781	0.01459854	0.02919708	0.03649635	0.00729927	0.0	0.0	0.02919708	0.01459854	0.00729927	0.00729927	0.0	0.01459854	0.0	0.0	0.06569343	0.00729927	0.00729927	0.0	0.02919708	0.00729927	0.02919708	0.0	0.02919708	0.02189781	0.0
0.01298701	0.01298701	0.02597403	0.0	0.0	0.02597403	0.01298701	0.0	0.02597403	0.02597403	0.05194805	0.01298701	0.0	0.0	0.0	0.0	0.02597403	0.02597403	0.02597403	0.0	0.03896104	0.09090909	0.01298701	0.03896104	0.0	0.01298701	0.02597403	0.01298701	0.0	0.03896104	0.01298701	0.01298701	0.01298701	0.0	0.06493506	0.0	0.01298701	0.02597403	0.01298701	0.02597403	0.05194805	0.02597403	0.05194805	0.0	0.0	0.02597403	0.0	0.0	0.0	0.0	0.0	0.0	0.02597403	0.03896104	0.01298701	0.0	0.0	0.01298701	0.0	0.0	0.0	0.01298701	0.0	0.0
0.03883495	0.00970874	0.01941748	0.01941748	0.00970874	0.00970874	0.0	0.00970874	0.00970874	0.00970874	0.02912621	0.01941748	0.00970874	0.01941748	0.00970874	0.02912621	0.01941748	0.00970874	0.03883495	0.02912621	0.03883495	0.02912621	0.0	0.01941748	0.0	0.0	0.0	0.0	0.00970874	0.0	0.01941748	0.01941748	0.01941748	0.0	0.00970874	0.01941748	0.01941748	0.01941748	0.0	0.01941748	0.02912621	0.03883495	0.02912621	0.00970874	0.0	0.0	0.02912621	0.00970874	0.00970874	0.00970874	0.0	0.00970874	0.02912621	0.02912621	0.0	0.0	0.00970874	0.00970874	0.04854369	0.00970874	0.00970874	0.03883495	0.00970874	0.03883495
0.0078125	0.0	0.03125	0.0	0.0	0.0	0.0078125	0.0234375	0.0078125	0.0703125	0.03125	0.0078125	0.0	0.0078125	0.0078125	0.0	0.03125	0.0234375	0.046875	0.0	0.0390625	0.03125	0.015625	0.0234375	0.0	0.0078125	0.0234375	0.0078125	0.0	0.015625	0.03125	0.015625	0.0	0.0078125	0.0234375	0.0078125	0.0625	0.0546875	0.015625	0.015625	0.03125	0.0546875	0.015625	0.0	0.015625	0.0	0.03125	0.0	0.0	0.0	0.0078125	0.0078125	0.0	0.0234375	0.0078125	0.0	0.0	0.015625	0.03125	0.03125	0.0	0.0078125	0.0078125	0.0078125
0.01333333	0.01333333	0.04	0.01333333	0.02666667	0.01333333	0.0	0.01333333	0.01333333	0.01333333	0.01333333	0.01333333	0.04	0.0	0.06666667	0.01333333	0.0	0.01333333	0.01333333	0.02666667	0.01333333	0.01333333	0.0	0.01333333	0.0	0.0	0.0	0.0	0.02666667	0.0	0.01333333	0.04	0.04	0.01333333	0.0	0.0	0.0	0.01333333	0.0	0.04	0.02666667	0.01333333	0.01333333	0.0	0.04	0.0	0.0	0.0	0.02666667	0.01333333	0.0	0.08	0.01333333	0.0	0.0	0.01333333	0.01333333	0.02666667	0.02666667	0.02666667	0.01333333	0.02666667	0.01333333	0.02666667
0.0	0.0	0.02816901	0.01408451	0.01408451	0.0	0.0	0.01408451	0.01408451	0.01408451	0.02816901	0.01408451	0.04225352	0.02816901	0.04225352	0.0	0.0	0.02816901	0.02816901	0.02816901	0.02816901	0.0	0.0	0.01408451	0.0	0.0	0.0	0.0	0.01408451	0.02816901	0.0	0.02816901	0.02816901	0.0	0.0	0.01408451	0.01408451	0.01408451	0.0	0.01408451	0.02816901	0.01408451	0.0	0.01408451	0.01408451	0.0	0.04225352	0.01408451	0.01408451	0.0	0.01408451	0.05633803	0.02816901	0.01408451	0.0	0.02816901	0.0	0.01408451	0.04225352	0.04225352	0.01408451	0.01408451	0.01408451	0.04225352
0.0	0.02105263	0.02105263	0.0	0.03157895	0.0	0.0	0.01052632	0.01052632	0.01052632	0.0	0.03157895	0.0	0.01052632	0.01052632	0.02105263	0.03157895	0.01052632	0.02105263	0.02105263	0.04210526	0.03157895	0.01052632	0.0	0.0	0.0	0.01052632	0.01052632	0.01052632	0.01052632	0.03157895	0.0	0.01052632	0.01052632	0.0	0.01052632	0.0	0.03157895	0.0	0.01052632	0.01052632	0.01052632	0.01052632	0.03157895	0.01052632	0.05263158	0.03157895	0.03157895	0.0	0.0	0.01052632	0.01052632	0.02105263	0.02105263	0.01052632	0.03157895	0.01052632	0.02105263	0.03157895	0.05263158	0.0	0.01052632	0.04210526	0.04210526
0.0	0.01075269	0.01075269	0.01075269	0.01075269	0.0	0.01075269	0.02150538	0.0	0.0	0.02150538	0.02150538	0.01075269	0.01075269	0.01075269	0.0	0.01075269	0.0	0.0	0.0	0.0	0.02150538	0.02150538	0.02150538	0.0	0.02150538	0.02150538	0.0	0.02150538	0.02150538	0.04301075	0.02150538	0.01075269	0.0	0.01075269	0.0	0.0	0.03225806	0.01075269	0.02150538	0.0	0.03225806	0.03225806	0.05376344	0.04301075	0.01075269	0.02150538	0.02150538	0.01075269	0.02150538	0.02150538	0.02150538	0.0	0.01075269	0.0	0.04301075	0.02150538	0.02150538	0.04301075	0.02150538	0.0	0.01075269	0.03225806	0.04301075
0.0	0.02409639	0.01204819	0.0	0.01204819	0.01204819	0.0	0.02409639	0.01204819	0.0	0.04819277	0.02409639	0.02409639	0.0	0.01204819	0.0	0.01204819	0.0	0.03614458	0.0	0.0	0.03614458	0.01204819	0.04819277	0.01204819	0.0	0.0	0.0	0.02409639	0.01204819	0.02409639	0.01204819	0.01204819	0.0	0.01204819	0.02409639	0.02409639	0.02409639	0.0	0.0	0.0	0.01204819	0.02409639	0.04819277	0.02409639	0.0	0.04819277	0.03614458	0.01204819	0.02409639	0.02409639	0.01204819	0.01204819	0.02409639	0.0	0.0	0.03614458	0.02409639	0.01204819	0.03614458	0.0	0.02409639	0.02409639	0.01204819
0.03409091	0.01136364	0.02272727	0.01136364	0.01136364	0.01136364	0.0	0.01136364	0.03409091	0.03409091	0.01136364	0.02272727	0.02272727	0.01136364	0.02272727	0.0	0.0	0.01136364	0.01136364	0.01136364	0.01136364	0.01136364	0.03409091	0.0	0.01136364	0.0	0.0	0.02272727	0.02272727	0.04545455	0.01136364	0.01136364	0.02272727	0.01136364	0.03409091	0.01136364	0.0	0.03409091	0.0	0.02272727	0.01136364	0.01136364	0.0	0.01136364	0.02272727	0.01136364	0.01136364	0.02272727	0.02272727	0.0	0.03409091	0.02272727	0.02272727	0.0	0.0	0.05681818	0.02272727	0.01136364	0.01136364	0.01136364	0.01136364	0.01136364	0.01136364	0.02272727
0.01851852	0.00925926	0.00925926	0.03703704	0.02777778	0.01851852	0.0	0.00925926	0.00925926	0.0	0.01851852	0.00925926	0.03703704	0.01851852	0.00925926	0.02777778	0.00925926	0.01851852	0.0	0.00925926	0.0	0.00925926	0.01851852	0.01851852	0.00925926	0.00925926	0.0	0.00925926	0.00925926	0.01851852	0.03703704	0.00925926	0.02777778	0.01851852	0.0	0.00925926	0.0	0.0	0.0	0.00925926	0.01851852	0.0	0.01851852	0.00925926	0.0462963	0.02777778	0.01851852	0.00925926	0.01851852	0.00925926	0.02777778	0.03703704	0.01851852	0.01851852	0.00925926	0.03703704	0.00925926	0.0	0.00925926	0.07407407	0.0	0.01851852	0.02777778	0.02777778
0.0	0.01515152	0.0	0.03030303	0.03030303	0.04545455	0.0	0.0	0.03030303	0.0	0.01515152	0.01515152	0.07575758	0.0	0.0	0.04545455	0.0	0.03030303	0.01515152	0.01515152	0.01515152	0.03030303	0.01515152	0.01515152	0.03030303	0.0	0.0	0.0	0.01515152	0.0	0.01515152	0.0	0.04545455	0.0	0.0	0.03030303	0.0	0.0	0.0	0.0	0.01515152	0.0	0.03030303	0.01515152	0.03030303	0.01515152	0.03030303	0.0	0.0	0.03030303	0.04545455	0.04545455	0.01515152	0.0	0.01515152	0.01515152	0.0	0.0	0.01515152	0.04545455	0.0	0.03030303	0.01515152	0.01515152
0.01075269	0.01075269	0.03225806	0.0	0.0	0.02150538	0.0	0.01075269	0.01075269	0.04301075	0.0	0.04301075	0.0	0.0	0.01075269	0.0	0.01075269	0.0	0.04301075	0.0	0.02150538	0.04301075	0.01075269	0.04301075	0.0	0.01075269	0.0	0.0	0.01075269	0.01075269	0.07526882	0.02150538	0.02150538	0.01075269	0.01075269	0.0	0.02150538	0.04301075	0.0	0.04301075	0.0	0.03225806	0.0	0.0	0.01075269	0.01075269	0.01075269	0.03225806	0.01075269	0.0	0.01075269	0.01075269	0.01075269	0.01075269	0.0	0.02150538	0.03225806	0.03225806	0.03225806	0.02150538	0.01075269	0.02150538	0.02150538	0.01075269
0.01162791	0.0	0.0	0.04651163	0.0	0.02325581	0.0	0.01162791	0.03488372	0.01162791	0.01162791	0.01162791	0.02325581	0.02325581	0.02325581	0.03488372	0.01162791	0.01162791	0.01162791	0.01162791	0.01162791	0.02325581	0.0	0.01162791	0.0	0.0	0.01162791	0.0	0.01162791	0.0	0.02325581	0.02325581	0.02325581	0.01162791	0.02325581	0.03488372	0.01162791	0.0	0.0	0.0	0.02325581	0.0	0.02325581	0.02325581	0.0	0.01162791	0.01162791	0.02325581	0.01162791	0.0	0.03488372	0.01162791	0.02325581	0.0	0.01162791	0.03488372	0.04651163	0.0	0.02325581	0.01162791	0.02325581	0.03488372	0.02325581	0.05813953
0.01162791	0.0	0.0	0.01162791	0.02325581	0.02325581	0.0	0.0	0.01162791	0.01162791	0.02325581	0.01162791	0.0	0.02325581	0.02325581	0.02325581	0.0	0.02325581	0.02325581	0.01162791	0.01162791	0.0	0.01162791	0.01162791	0.01162791	0.0	0.01162791	0.0	0.01162791	0.02325581	0.03488372	0.01162791	0.01162791	0.01162791	0.01162791	0.02325581	0.01162791	0.0	0.0	0.01162791	0.01162791	0.01162791	0.03488372	0.02325581	0.01162791	0.02325581	0.01162791	0.03488372	0.0	0.01162791	0.02325581	0.01162791	0.01162791	0.01162791	0.01162791	0.05813953	0.03488372	0.0	0.01162791	0.04651163	0.02325581	0.02325581	0.02325581	0.05813953
0.01265823	0.0	0.01265823	0.01265823	0.01265823	0.01265823	0.0	0.0	0.01265823	0.02531646	0.01265823	0.01265823	0.0	0.03797468	0.01265823	0.02531646	0.0	0.02531646	0.01265823	0.03797468	0.02531646	0.0	0.0	0.0	0.0	0.0	0.0	0.0	0.01265823	0.0	0.02531646	0.03797468	0.02531646	0.0	0.01265823	0.01265823	0.01265823	0.0	0.0	0.02531646	0.02531646	0.01265823	0.0	0.02531646	0.01265823	0.0	0.02531646	0.02531646	0.0	0.0	0.03797468	0.01265823	0.02531646	0.01265823	0.0	0.03797468	0.01265823	0.0	0.05063291	0.02531646	0.02531646	0.03797468	0.02531646	0.10126582
0.0	0.04807692	0.00961538	0.0	0.01923077	0.00961538	0.0	0.02884615	0.02884615	0.02884615	0.01923077	0.0	0.01923077	0.00961538	0.01923077	0.00961538	0.01923077	0.0	0.01923077	0.02884615	0.01923077	0.0	0.0	0.02884615	0.0	0.0	0.00961538	0.0	0.00961538	0.01923077	0.07692308	0.00961538	0.02884615	0.00961538	0.03846154	0.00961538	0.02884615	0.01923077	0.0	0.04807692	0.02884615	0.01923077	0.0	0.0	0.00961538	0.00961538	0.0	0.00961538	0.00961538	0.0	0.00961538	0.01923077	0.0	0.01923077	0.00961538	0.01923077	0.02884615	0.04807692	0.01923077	0.02884615	0.0	0.00961538	0.01923077	0.00961538
0.0	0.0	0.0	0.02985075	0.01492537	0.01492537	0.01492537	0.0	0.0	0.0	0.0	0.02985075	0.01492537	0.01492537	0.02985075	0.02985075	0.02985075	0.02985075	0.01492537	0.05970149	0.01492537	0.0	0.0	0.01492537	0.0	0.0	0.01492537	0.0	0.0	0.0	0.04477612	0.0	0.0	0.0	0.0	0.0	0.08955224	0.0	0.0	0.0	0.0	0.01492537	0.0	0.01492537	0.01492537	0.0	0.05970149	0.04477612	0.0	0.01492537	0.01492537	0.0	0.01492537	0.01492537	0.0	0.01492537	0.0	0.07462687	0.02985075	0.07462687	0.0	0.02985075	0.04477612	0.01492537
0.04	0.01333333	0.01333333	0.02666667	0.02666667	0.02666667	0.0	0.04	0.01333333	0.02666667	0.02666667	0.06666667	0.01333333	0.01333333	0.0	0.01333333	0.01333333	0.04	0.04	0.0	0.04	0.0	0.0	0.0	0.0	0.0	0.0	0.0	0.05333333	0.0	0.01333333	0.0	0.0	0.01333333	0.0	0.01333333	0.01333333	0.01333333	0.0	0.02666667	0.0	0.01333333	0.0	0.01333333	0.04	0.01333333	0.01333333	0.02666667	0.04	0.02666667	0.06666667	0.0	0.01333333	0.0	0.0	0.01333333	0.01333333	0.01333333	0.0	0.01333333	0.02666667	0.0	0.01333333	0.0
0.02439024	0.02439024	0.01219512	0.02439024	0.02439024	0.0	0.0	0.03658537	0.0	0.01219512	0.02439024	0.02439024	0.0	0.02439024	0.0	0.02439024	0.03658537	0.03658537	0.01219512	0.01219512	0.02439024	0.0	0.0	0.0	0.0	0.0	0.02439024	0.0	0.01219512	0.02439024	0.03658537	0.0	0.0	0.01219512	0.0	0.01219512	0.02439024	0.01219512	0.01219512	0.03658537	0.0	0.02439024	0.0	0.02439024	0.03658537	0.0	0.04878049	0.01219512	0.02439024	0.0	0.03658537	0.0	0.02439024	0.01219512	0.01219512	0.0	0.02439024	0.04878049	0.0	0.03658537	0.01219512	0.0	0.02439024	0.01219512
0.0	0.0	0.04	0.02	0.01	0.0	0.0	0.01	0.01	0.05	0.01	0.05	0.01	0.01	0.0	0.03	0.02	0.01	0.03	0.01	0.01	0.01	0.0	0.01	0.0	0.0	0.0	0.0	0.02	0.0	0.04	0.02	0.02	0.0	0.02	0.0	0.04	0.01	0.0	0.04	0.01	0.01	0.0	0.01	0.03	0.01	0.04	0.02	0.02	0.01	0.03	0.02	0.01	0.0	0.0	0.02	0.02	0.03	0.02	0.05	0.02	0.01	0.04	0.01
0.0	0.01123596	0.0	0.0	0.04494382	0.01123596	0.0	0.01123596	0.0	0.03370787	0.0	0.02247191	0.0	0.0	0.03370787	0.02247191	0.0	0.04494382	0.02247191	0.01123596	0.01123596	0.0	0.0	0.01123596	0.01123596	0.0	0.01123596	0.0	0.02247191	0.02247191	0.03370787	0.01123596	0.0	0.01123596	0.02247191	0.01123596	0.03370787	0.0	0.02247191	0.04494382	0.0	0.03370787	0.0	0.01123596	0.02247191	0.0	0.05617978	0.02247191	0.01123596	0.0	0.01123596	0.03370787	0.0	0.01123596	0.0	0.01123596	0.03370787	0.03370787	0.03370787	0.06741573	0.01123596	0.0	0.04494382	0.0
0.0	0.01869159	0.01869159	0.0	0.00934579	0.00934579	0.0	0.02803738	0.01869159	0.02803738	0.02803738	0.02803738	0.0	0.00934579	0.01869159	0.00934579	0.00934579	0.01869159	0.04672897	0.01869159	0.00934579	0.01869159	0.0	0.00934579	0.0	0.0	0.0	0.0	0.02803738	0.01869159	0.04672897	0.00934579	0.02803738	0.0	0.0	0.00934579	0.05607477	0.0	0.0	0.05607477	0.00934579	0.02803738	0.00934579	0.00934579	0.0	0.00934579	0.04672897	0.01869159	0.0	0.00934579	0.02803738	0.00934579	0.01869159	0.00934579	0.0	0.00934579	0.00934579	0.06542056	0.01869159	0.03738318	0.01869159	0.0	0.01869159	0.00934579
0.0	0.0	0.0	0.0	0.01282051	0.01282051	0.0	0.02564103	0.01282051	0.05128205	0.02564103	0.01282051	0.0	0.0	0.0	0.0	0.0	0.02564103	0.06410256	0.0	0.03846154	0.01282051	0.0	0.02564103	0.0	0.0	0.01282051	0.01282051	0.01282051	0.01282051	0.05128205	0.02564103	0.0	0.01282051	0.0	0.0	0.02564103	0.03846154	0.01282051	0.03846154	0.0	0.05128205	0.02564103	0.02564103	0.01282051	0.01282051	0.01282051	0.03846154	0.0	0.01282051	0.02564103	0.0	0.01282051	0.01282051	0.01282051	0.01282051	0.0	0.02564103	0.03846154	0.02564103	0.01282051	0.02564103	0.02564103	0.0
0.0	0.0	0.0	0.01282051	0.02564103	0.0	0.0	0.01282051	0.0	0.0	0.01282051	0.01282051	0.0	0.0	0.02564103	0.02564103	0.01282051	0.02564103	0.01282051	0.0	0.0	0.01282051	0.01282051	0.01282051	0.0	0.01282051	0.01282051	0.0	0.01282051	0.01282051	0.03846154	0.02564103	0.0	0.0	0.01282051	0.01282051	0.02564103	0.01282051	0.0	0.01282051	0.01282051	0.01282051	0.01282051	0.02564103	0.02564103	0.02564103	0.01282051	0.05128205	0.0	0.01282051	0.0	0.02564103	0.0	0.01282051	0.01282051	0.03846154	0.01282051	0.02564103	0.03846154	0.07692308	0.0	0.02564103	0.07692308	0.05128205
0.01923077	0.0	0.00961538	0.01923077	0.00961538	0.00961538	0.0	0.00961538	0.0	0.02884615	0.0	0.01923077	0.00961538	0.01923077	0.01923077	0.01923077	0.01923077	0.01923077	0.00961538	0.02884615	0.02884615	0.0	0.01923077	0.0	0.00961538	0.00961538	0.00961538	0.0	0.00961538	0.01923077	0.03846154	0.01923077	0.00961538	0.0	0.00961538	0.00961538	0.02884615	0.01923077	0.00961538	0.04807692	0.00961538	0.02884615	0.01923077	0.0	0.01923077	0.00961538	0.03846154	0.0	0.0	0.00961538	0.01923077	0.00961538	0.00961538	0.00961538	0.0	0.02884615	0.00961538	0.04807692	0.02884615	0.04807692	0.0	0.0	0.03846154	0.04807692
0.01204819	0.0	0.02409639	0.04819277	0.02409639	0.01204819	0.01204819	0.0	0.01204819	0.01204819	0.02409639	0.0	0.01204819	0.0	0.03614458	0.02409639	0.02409639	0.02409639	0.01204819	0.01204819	0.02409639	0.0	0.01204819	0.02409639	0.0	0.01204819	0.02409639	0.01204819	0.0	0.04819277	0.01204819	0.01204819	0.02409639	0.01204819	0.0	0.01204819	0.01204819	0.02409639	0.02409639	0.01204819	0.01204819	0.03614458	0.02409639	0.01204819	0.0	0.01204819	0.02409639	0.01204819	0.02409639	0.01204819	0.0	0.0	0.01204819	0.02409639	0.0	0.03614458	0.02409639	0.01204819	0.01204819	0.02409639	0.02409639	0.01204819	0.01204819	0.01204819
0.0	0.01515152	0.0	0.0	0.01515152	0.03030303	0.01515152	0.0	0.01515152	0.01515152	0.06060606	0.0	0.0	0.0	0.0	0.0	0.0	0.01515152	0.03030303	0.0	0.01515152	0.03030303	0.0	0.06060606	0.0	0.0	0.0	0.01515152	0.0	0.0	0.06060606	0.03030303	0.0	0.03030303	0.06060606	0.0	0.0	0.01515152	0.0	0.0	0.03030303	0.0	0.04545455	0.06060606	0.0	0.04545455	0.03030303	0.01515152	0.01515152	0.0	0.0	0.0	0.01515152	0.03030303	0.0	0.01515152	0.04545455	0.0	0.04545455	0.01515152	0.01515152	0.01515152	0.01515152	0.01515152
0.03921569	0.01960784	0.01960784	0.02941176	0.0	0.01960784	0.00980392	0.0	0.00980392	0.04901961	0.0	0.0	0.0	0.01960784	0.02941176	0.01960784	0.02941176	0.00980392	0.01960784	0.00980392	0.02941176	0.01960784	0.00980392	0.00980392	0.0	0.02941176	0.0	0.0	0.0	0.0	0.04901961	0.01960784	0.02941176	0.0	0.0	0.02941176	0.01960784	0.01960784	0.00980392	0.05882353	0.02941176	0.0	0.0	0.01960784	0.01960784	0.00980392	0.0	0.00980392	0.00980392	0.0	0.00980392	0.0	0.02941176	0.00980392	0.0	0.0	0.01960784	0.02941176	0.04901961	0.01960784	0.0	0.00980392	0.03921569	0.01960784
0.0	0.01492537	0.02985075	0.0	0.0	0.0	0.01492537	0.04477612	0.01492537	0.02985075	0.02985075	0.01492537	0.01492537	0.01492537	0.0	0.0	0.0	0.01492537	0.02985075	0.0	0.02985075	0.0	0.0	0.02985075	0.0	0.0	0.01492537	0.0	0.01492537	0.01492537	0.01492537	0.05970149	0.01492537	0.02985075	0.01492537	0.01492537	0.0	0.01492537	0.0	0.01492537	0.02985075	0.0	0.01492537	0.01492537	0.01492537	0.0	0.02985075	0.01492537	0.02985075	0.0	0.01492537	0.01492537	0.01492537	0.02985075	0.0	0.01492537	0.02985075	0.0	0.01492537	0.02985075	0.01492537	0.02985075	0.02985075	0.05970149
0.0	0.0	0.0	0.02941176	0.0	0.0	0.01470588	0.02941176	0.0	0.01470588	0.0	0.01470588	0.02941176	0.02941176	0.02941176	0.01470588	0.0	0.0	0.01470588	0.02941176	0.01470588	0.0	0.01470588	0.01470588	0.0	0.0	0.01470588	0.01470588	0.01470588	0.01470588	0.05882353	0.01470588	0.0	0.01470588	0.0	0.04411765	0.02941176	0.04411765	0.0	0.0	0.01470588	0.04411765	0.01470588	0.01470588	0.01470588	0.01470588	0.02941176	0.0	0.02941176	0.02941176	0.01470588	0.0	0.0	0.0	0.0	0.05882353	0.04411765	0.01470588	0.05882353	0.01470588	0.01470588	0.0	0.01470588	0.0
0.0	0.0	0.0	0.02469136	0.01234568	0.01234568	0.01234568	0.01234568	0.02469136	0.0	0.0	0.0	0.01234568	0.03703704	0.0617284	0.0	0.0	0.01234568	0.01234568	0.03703704	0.03703704	0.0	0.01234568	0.01234568	0.0	0.0	0.01234568	0.01234568	0.01234568	0.0	0.07407407	0.01234568	0.0	0.01234568	0.0	0.04938272	0.01234568	0.01234568	0.0	0.01234568	0.02469136	0.01234568	0.0	0.02469136	0.01234568	0.04938272	0.0	0.01234568	0.02469136	0.02469136	0.01234568	0.0	0.0	0.02469136	0.0	0.0617284	0.01234568	0.03703704	0.04938272	0.03703704	0.02469136	0.0	0.0	0.0
0.0	0.00925926	0.0	0.0	0.02777778	0.02777778	0.0	0.02777778	0.0	0.02777778	0.01851852	0.00925926	0.0	0.00925926	0.0	0.0	0.0	0.0462963	0.05555556	0.0	0.03703704	0.03703704	0.02777778	0.01851852	0.00925926	0.01851852	0.02777778	0.01851852	0.0	0.02777778	0.05555556	0.0	0.00925926	0.02777778	0.0	0.00925926	0.02777778	0.01851852	0.0462963	0.02777778	0.01851852	0.03703704	0.02777778	0.0	0.0	0.01851852	0.02777778	0.00925926	0.0	0.0	0.0	0.0	0.00925926	0.03703704	0.0	0.00925926	0.01851852	0.03703704	0.00925926	0.02777778	0.0	0.0	0.00925926	0.0
0.01851852	0.01851852	0.0	0.00925926	0.0	0.00925926	0.01851852	0.0	0.00925926	0.00925926	0.00925926	0.01851852	0.0	0.0	0.0	0.01851852	0.02777778	0.0	0.0	0.0	0.01851852	0.0462963	0.07407407	0.01851852	0.03703704	0.03703704	0.02777778	0.02777778	0.0	0.0462963	0.02777778	0.0	0.0	0.00925926	0.0462963	0.00925926	0.00925926	0.0462963	0.01851852	0.01851852	0.00925926	0.03703704	0.03703704	0.0	0.0	0.0462963	0.0	0.00925926	0.0	0.0	0.0	0.0	0.0	0.0462963	0.01851852	0.03703704	0.00925926	0.00925926	0.01851852	0.00925926	0.0	0.00925926	0.01851852	0.0
0.01052632	0.02105263	0.0	0.02105263	0.01052632	0.01052632	0.02105263	0.02105263	0.01052632	0.01052632	0.01052632	0.01052632	0.0	0.01052632	0.0	0.03157895	0.03157895	0.01052632	0.01052632	0.01052632	0.03157895	0.0	0.02105263	0.0	0.02105263	0.02105263	0.02105263	0.0	0.0	0.02105263	0.04210526	0.02105263	0.01052632	0.01052632	0.03157895	0.01052632	0.01052632	0.02105263	0.01052632	0.03157895	0.01052632	0.03157895	0.03157895	0.01052632	0.01052632	0.02105263	0.02105263	0.01052632	0.0	0.01052632	0.0	0.0	0.01052632	0.02105263	0.01052632	0.03157895	0.02105263	0.01052632	0.03157895	0.04210526	0.0	0.02105263	0.04210526	0.0
0.01612903	0.01612903	0.0	0.0	0.01612903	0.03225806	0.01612903	0.0	0.0	0.03225806	0.01612903	0.0	0.0	0.0	0.0	0.0	0.01612903	0.01612903	0.0	0.0	0.0	0.06451613	0.03225806	0.03225806	0.03225806	0.0483871	0.03225806	0.0483871	0.0	0.03225806	0.01612903	0.0	0.0	0.03225806	0.0483871	0.0	0.01612903	0.01612903	0.0483871	0.01612903	0.01612903	0.03225806	0.0	0.0	0.0	0.0	0.01612903	0.0483871	0.0	0.0	0.0	0.0	0.0	0.0	0.06451613	0.0	0.03225806	0.0	0.0	0.01612903	0.0	0.03225806	0.01612903	0.03225806
0.06097561	0.0	0.03658537	0.02439024	0.02439024	0.0	0.0	0.01219512	0.0	0.02439024	0.03658537	0.02439024	0.03658537	0.0	0.02439024	0.0	0.02439024	0.01219512	0.02439024	0.02439024	0.01219512	0.01219512	0.0	0.02439024	0.0	0.0	0.0	0.0	0.0	0.01219512	0.02439024	0.01219512	0.01219512	0.0	0.01219512	0.01219512	0.03658537	0.02439024	0.0	0.01219512	0.03658537	0.01219512	0.0	0.02439024	0.02439024	0.0	0.03658537	0.02439024	0.02439024	0.02439024	0.01219512	0.0	0.01219512	0.0	0.0	0.0	0.01219512	0.03658537	0.03658537	0.03658537	0.0	0.0	0.03658537	0.01219512
0.02197802	0.0	0.03296703	0.02197802	0.0	0.01098901	0.01098901	0.01098901	0.01098901	0.03296703	0.01098901	0.02197802	0.01098901	0.0	0.01098901	0.04395604	0.01098901	0.01098901	0.03296703	0.0	0.01098901	0.0	0.0	0.02197802	0.0	0.0	0.01098901	0.02197802	0.0	0.01098901	0.04395604	0.01098901	0.02197802	0.01098901	0.0	0.01098901	0.03296703	0.01098901	0.02197802	0.02197802	0.0	0.02197802	0.0	0.02197802	0.03296703	0.01098901	0.02197802	0.02197802	0.03296703	0.01098901	0.01098901	0.02197802	0.01098901	0.01098901	0.0	0.01098901	0.03296703	0.03296703	0.02197802	0.02197802	0.03296703	0.01098901	0.03296703	0.0
0.04301075	0.01075269	0.0	0.04301075	0.02150538	0.01075269	0.01075269	0.01075269	0.0	0.02150538	0.01075269	0.02150538	0.05376344	0.0	0.01075269	0.04301075	0.01075269	0.03225806	0.02150538	0.01075269	0.02150538	0.0	0.0	0.0	0.0	0.0	0.0	0.02150538	0.01075269	0.01075269	0.01075269	0.02150538	0.01075269	0.01075269	0.0	0.01075269	0.02150538	0.0	0.01075269	0.03225806	0.01075269	0.01075269	0.01075269	0.0	0.02150538	0.0	0.04301075	0.01075269	0.03225806	0.0	0.03225806	0.04301075	0.0	0.01075269	0.0	0.01075269	0.02150538	0.03225806	0.01075269	0.03225806	0.03225806	0.01075269	0.03225806	0.01075269
0.0	0.0	0.01612903	0.01612903	0.0483871	0.0	0.0	0.01612903	0.01612903	0.03225806	0.0	0.01612903	0.01612903	0.03225806	0.03225806	0.03225806	0.01612903	0.01612903	0.03225806	0.06451613	0.0	0.0	0.0	0.0	0.01612903	0.0	0.0	0.0	0.03225806	0.01612903	0.03225806	0.0	0.01612903	0.0	0.0	0.01612903	0.03225806	0.0	0.01612903	0.03225806	0.0	0.0	0.0	0.01612903	0.01612903	0.01612903	0.0	0.01612903	0.0	0.0483871	0.03225806	0.01612903	0.0483871	0.0	0.0	0.01612903	0.0	0.0483871	0.01612903	0.01612903	0.03225806	0.0	0.01612903	0.03225806
0.01219512	0.0	0.01219512	0.02439024	0.01219512	0.0	0.0	0.02439024	0.01219512	0.01219512	0.02439024	0.04878049	0.01219512	0.01219512	0.03658537	0.01219512	0.01219512	0.01219512	0.04878049	0.02439024	0.0	0.0	0.0	0.0	0.0	0.0	0.0	0.0	0.01219512	0.0	0.02439024	0.02439024	0.01219512	0.01219512	0.01219512	0.01219512	0.06097561	0.0	0.0	0.02439024	0.0	0.01219512	0.01219512	0.01219512	0.02439024	0.02439024	0.07317073	0.0	0.01219512	0.02439024	0.02439024	0.01219512	0.02439024	0.0	0.0	0.01219512	0.03658537	0.06097561	0.0	0.04878049	0.02439024	0.0	0.01219512	0.0
0.01904762	0.00952381	0.01904762	0.0	0.00952381	0.0	0.00952381	0.04761905	0.00952381	0.04761905	0.00952381	0.03809524	0.00952381	0.00952381	0.00952381	0.00952381	0.0	0.01904762	0.03809524	0.01904762	0.02857143	0.0	0.0	0.0	0.00952381	0.0	0.0	0.0	0.01904762	0.00952381	0.03809524	0.02857143	0.00952381	0.00952381	0.00952381	0.00952381	0.03809524	0.01904762	0.0	0.02857143	0.0	0.0	0.0	0.00952381	0.04761905	0.0	0.06666667	0.0	0.01904762	0.02857143	0.04761905	0.00952381	0.0	0.00952381	0.0	0.01904762	0.01904762	0.03809524	0.0	0.05714286	0.02857143	0.00952381	0.0	0.0
0.0	0.0	0.05319149	0.0	0.0	0.0	0.0	0.0212766	0.03191489	0.0106383	0.0106383	0.05319149	0.0212766	0.0212766	0.0106383	0.0	0.0	0.0	0.0106383	0.03191489	0.0	0.0106383	0.0	0.0212766	0.0	0.0	0.0	0.0106383	0.05319149	0.0106383	0.0212766	0.0212766	0.0212766	0.0106383	0.0	0.0106383	0.04255319	0.0106383	0.0106383	0.0212766	0.0	0.0106383	0.0	0.0106383	0.0106383	0.0106383	0.05319149	0.0212766	0.03191489	0.0106383	0.04255319	0.0106383	0.0	0.0106383	0.0	0.04255319	0.0106383	0.06382979	0.0106383	0.0212766	0.0106383	0.0212766	0.0106383	0.03191489
0.0375	0.0125	0.025	0.025	0.0125	0.0	0.0	0.025	0.025	0.0125	0.0	0.0375	0.0125	0.0125	0.0375	0.0	0.0375	0.0125	0.0125	0.0125	0.0	0.0125	0.0	0.025	0.0	0.0	0.0	0.0	0.025	0.0125	0.0375	0.0	0.025	0.0	0.0	0.0125	0.0625	0.025	0.0	0.0	0.0	0.0125	0.0	0.0125	0.0125	0.0	0.025	0.05	0.0	0.0125	0.0375	0.0125	0.0	0.0	0.0	0.025	0.0125	0.0625	0.025	0.0375	0.0125	0.0	0.0375	0.025
0.03529412	0.01176471	0.0	0.02352941	0.0	0.0	0.0	0.03529412	0.0	0.01176471	0.01176471	0.01176471	0.02352941	0.02352941	0.02352941	0.01176471	0.02352941	0.01176471	0.02352941	0.02352941	0.02352941	0.0	0.0	0.0	0.0	0.0	0.0	0.0	0.01176471	0.0	0.07058824	0.0	0.0	0.01176471	0.0	0.0	0.04705882	0.0	0.0	0.02352941	0.0	0.0	0.0	0.05882353	0.01176471	0.01176471	0.04705882	0.03529412	0.01176471	0.0	0.01176471	0.03529412	0.0	0.02352941	0.0	0.02352941	0.01176471	0.05882353	0.04705882	0.03529412	0.01176471	0.01176471	0.02352941	0.03529412
0.0	0.01111111	0.0	0.01111111	0.02222222	0.02222222	0.0	0.02222222	0.01111111	0.02222222	0.0	0.01111111	0.01111111	0.03333333	0.03333333	0.01111111	0.01111111	0.01111111	0.03333333	0.02222222	0.01111111	0.0	0.0	0.01111111	0.01111111	0.0	0.01111111	0.0	0.0	0.01111111	0.04444444	0.02222222	0.01111111	0.03333333	0.0	0.03333333	0.02222222	0.0	0.0	0.02222222	0.01111111	0.02222222	0.01111111	0.01111111	0.02222222	0.03333333	0.0	0.02222222	0.0	0.01111111	0.01111111	0.02222222	0.02222222	0.0	0.02222222	0.02222222	0.04444444	0.0	0.03333333	0.05555556	0.01111111	0.0	0.04444444	0.02222222
0.01369863	0.01369863	0.0	0.01369863	0.02739726	0.01369863	0.01369863	0.01369863	0.0	0.0	0.01369863	0.01369863	0.0	0.01369863	0.02739726	0.04109589	0.02739726	0.02739726	0.02739726	0.01369863	0.04109589	0.01369863	0.0	0.01369863	0.0	0.0	0.02739726	0.0	0.0	0.0	0.04109589	0.0	0.0	0.02739726	0.0	0.05479452	0.0	0.02739726	0.0	0.01369863	0.05479452	0.01369863	0.08219178	0.01369863	0.0	0.01369863	0.0	0.01369863	0.0	0.0	0.0	0.0	0.02739726	0.02739726	0.0	0.0	0.02739726	0.02739726	0.04109589	0.0	0.0	0.02739726	0.02739726	0.02739726
0.046875	0.03125	0.0	0.03125	0.03125	0.015625	0.015625	0.015625	0.0	0.03125	0.0	0.015625	0.015625	0.03125	0.015625	0.015625	0.046875	0.03125	0.0	0.03125	0.046875	0.0	0.0	0.0	0.0	0.015625	0.0	0.0	0.015625	0.0	0.015625	0.0	0.0	0.015625	0.015625	0.0	0.0	0.015625	0.0	0.03125	0.015625	0.0	0.0	0.015625	0.0	0.015625	0.078125	0.015625	0.015625	0.0	0.015625	0.015625	0.03125	0.015625	0.0	0.0	0.015625	0.0	0.03125	0.078125	0.015625	0.0	0.015625	0.015625
0.01408451	0.01408451	0.0	0.02816901	0.04225352	0.01408451	0.01408451	0.04225352	0.0	0.01408451	0.0	0.01408451	0.01408451	0.0	0.01408451	0.02816901	0.01408451	0.02816901	0.01408451	0.01408451	0.0	0.0	0.01408451	0.0	0.0	0.04225352	0.01408451	0.02816901	0.0	0.01408451	0.01408451	0.02816901	0.0	0.02816901	0.01408451	0.0	0.01408451	0.0	0.04225352	0.01408451	0.0	0.0	0.0	0.02816901	0.04225352	0.01408451	0.02816901	0.0	0.02816901	0.04225352	0.0	0.01408451	0.02816901	0.0	0.01408451	0.0	0.04225352	0.01408451	0.01408451	0.01408451	0.02816901	0.01408451	0.01408451	0.02816901
0.03571429	0.0	0.03571429	0.03571429	0.01785714	0.01785714	0.03571429	0.01785714	0.0	0.01785714	0.0	0.05357143	0.01785714	0.0	0.01785714	0.03571429	0.01785714	0.03571429	0.01785714	0.0	0.01785714	0.0	0.0	0.0	0.01785714	0.01785714	0.01785714	0.01785714	0.0	0.01785714	0.0	0.0	0.01785714	0.0	0.01785714	0.0	0.0	0.0	0.03571429	0.0	0.0	0.0	0.0	0.01785714	0.05357143	0.01785714	0.03571429	0.01785714	0.03571429	0.05357143	0.0	0.01785714	0.03571429	0.0	0.0	0.0	0.01785714	0.0	0.0	0.03571429	0.03571429	0.0	0.01785714	0.01785714
0.0	0.01351351	0.02702703	0.0	0.01351351	0.01351351	0.0	0.02702703	0.02702703	0.01351351	0.02702703	0.05405405	0.0	0.0	0.01351351	0.0	0.0	0.02702703	0.04054054	0.0	0.0	0.01351351	0.02702703	0.01351351	0.01351351	0.0	0.01351351	0.0	0.01351351	0.02702703	0.02702703	0.01351351	0.02702703	0.0	0.04054054	0.01351351	0.02702703	0.01351351	0.0	0.0	0.01351351	0.01351351	0.06756757	0.02702703	0.02702703	0.02702703	0.04054054	0.0	0.01351351	0.01351351	0.01351351	0.0	0.01351351	0.01351351	0.0	0.04054054	0.02702703	0.01351351	0.01351351	0.01351351	0.0	0.01351351	0.0	0.01351351
0.01190476	0.01190476	0.01190476	0.01190476	0.01190476	0.0	0.01190476	0.04761905	0.0	0.04761905	0.01190476	0.02380952	0.01190476	0.01190476	0.0	0.02380952	0.02380952	0.01190476	0.03571429	0.01190476	0.0	0.0	0.01190476	0.01190476	0.02380952	0.01190476	0.01190476	0.0	0.02380952	0.01190476	0.04761905	0.02380952	0.0	0.01190476	0.02380952	0.0	0.05952381	0.0	0.02380952	0.03571429	0.0	0.01190476	0.0	0.0	0.02380952	0.01190476	0.01190476	0.0	0.01190476	0.03571429	0.01190476	0.02380952	0.01190476	0.01190476	0.0	0.01190476	0.01190476	0.04761905	0.0	0.02380952	0.02380952	0.0	0.02380952	0.02380952
0.0	0.046875	0.0	0.0	0.03125	0.03125	0.0	0.015625	0.0	0.015625	0.015625	0.015625	0.0	0.0	0.015625	0.015625	0.015625	0.0	0.03125	0.015625	0.015625	0.015625	0.03125	0.0	0.015625	0.015625	0.015625	0.015625	0.015625	0.0	0.015625	0.015625	0.015625	0.0	0.015625	0.015625	0.015625	0.03125	0.0	0.015625	0.03125	0.03125	0.03125	0.03125	0.015625	0.03125	0.03125	0.015625	0.015625	0.03125	0.0	0.0	0.0	0.0	0.03125	0.015625	0.0	0.0	0.046875	0.03125	0.015625	0.015625	0.015625	0.015625
0.0	0.01123596	0.0	0.0	0.01123596	0.02247191	0.02247191	0.02247191	0.01123596	0.01123596	0.0	0.03370787	0.0	0.0	0.0	0.0	0.0	0.03370787	0.04494382	0.0	0.02247191	0.02247191	0.04494382	0.03370787	0.01123596	0.04494382	0.03370787	0.0	0.01123596	0.02247191	0.03370787	0.03370787	0.0	0.02247191	0.0	0.0	0.02247191	0.07865169	0.02247191	0.02247191	0.0	0.06741573	0.02247191	0.0	0.01123596	0.02247191	0.0	0.0	0.01123596	0.01123596	0.01123596	0.0	0.02247191	0.01123596	0.0	0.02247191	0.0	0.02247191	0.02247191	0.0	0.01123596	0.01123596	0.01123596	0.0
0.0	0.0	0.01408451	0.02816901	0.0	0.0	0.05633803	0.0	0.01408451	0.0	0.01408451	0.01408451	0.04225352	0.0	0.0	0.04225352	0.0	0.0	0.0	0.0	0.0	0.0	0.0	0.0	0.01408451	0.01408451	0.04225352	0.02816901	0.0	0.0	0.0	0.04225352	0.01408451	0.01408451	0.01408451	0.02816901	0.0	0.0	0.01408451	0.01408451	0.02816901	0.0	0.02816901	0.04225352	0.02816901	0.01408451	0.02816901	0.02816901	0.02816901	0.04225352	0.01408451	0.02816901	0.0	0.0	0.02816901	0.01408451	0.01408451	0.01408451	0.02816901	0.01408451	0.04225352	0.02816901	0.04225352	0.0
0.0	0.01515152	0.0	0.0	0.01515152	0.0	0.03030303	0.0	0.01515152	0.0	0.01515152	0.04545455	0.0	0.0	0.0	0.01515152	0.0	0.01515152	0.03030303	0.0	0.01515152	0.01515152	0.0	0.01515152	0.0	0.01515152	0.03030303	0.01515152	0.01515152	0.03030303	0.03030303	0.0	0.0	0.01515152	0.04545455	0.0	0.01515152	0.01515152	0.01515152	0.03030303	0.04545455	0.04545455	0.0	0.0	0.03030303	0.01515152	0.07575758	0.01515152	0.01515152	0.01515152	0.0	0.01515152	0.0	0.01515152	0.01515152	0.03030303	0.0	0.01515152	0.04545455	0.06060606	0.0	0.01515152	0.01515152	0.0
0.0	0.01470588	0.0	0.0	0.02941176	0.04411765	0.02941176	0.0	0.01470588	0.0	0.04411765	0.01470588	0.0	0.0	0.02941176	0.0	0.0	0.02941176	0.04411765	0.01470588	0.04411765	0.01470588	0.0	0.02941176	0.0	0.0	0.01470588	0.01470588	0.02941176	0.0	0.02941176	0.0	0.01470588	0.01470588	0.0	0.0	0.0	0.01470588	0.0	0.01470588	0.01470588	0.0	0.01470588	0.05882353	0.02941176	0.01470588	0.01470588	0.04411765	0.0	0.04411765	0.02941176	0.01470588	0.01470588	0.0	0.0	0.01470588	0.0	0.02941176	0.02941176	0.01470588	0.02941176	0.01470588	0.0	0.02941176
0.03225806	0.01612903	0.03225806	0.0	0.01612903	0.01612903	0.0	0.06451613	0.01612903	0.03225806	0.01612903	0.03225806	0.01612903	0.0	0.03225806	0.0	0.0	0.03225806	0.01612903	0.01612903	0.01612903	0.01612903	0.0	0.01612903	0.0	0.0	0.0	0.0	0.0483871	0.0	0.01612903	0.01612903	0.01612903	0.0	0.01612903	0.01612903	0.03225806	0.0	0.0	0.0	0.03225806	0.0	0.01612903	0.01612903	0.03225806	0.0	0.03225806	0.01612903	0.03225806	0.03225806	0.03225806	0.01612903	0.0	0.01612903	0.0	0.0	0.0	0.0	0.03225806	0.03225806	0.01612903	0.01612903	0.0	0.03225806
0.01769912	0.00884956	0.01769912	0.0	0.02654867	0.00884956	0.0	0.04424779	0.0	0.00884956	0.00884956	0.04424779	0.00884956	0.00884956	0.00884956	0.0	0.0	0.05309735	0.01769912	0.01769912	0.03539823	0.01769912	0.00884956	0.00884956	0.00884956	0.0	0.0	0.00884956	0.01769912	0.02654867	0.04424779	0.01769912	0.01769912	0.00884956	0.0	0.0	0.01769912	0.00884956	0.00884956	0.01769912	0.00884956	0.0	0.00884956	0.01769912	0.01769912	0.03539823	0.04424779	0.00884956	0.00884956	0.01769912	0.02654867	0.00884956	0.00884956	0.03539823	0.0	0.03539823	0.00884956	0.03539823	0.01769912	0.03539823	0.01769912	0.00884956	0.0	0.01769912
0.0	0.0	0.01639344	0.0	0.0	0.0	0.0	0.01639344	0.01639344	0.03278689	0.03278689	0.04918033	0.0	0.01639344	0.01639344	0.0	0.0	0.01639344	0.04918033	0.01639344	0.0	0.0	0.0	0.01639344	0.0	0.0	0.0	0.0	0.0	0.03278689	0.08196721	0.0	0.01639344	0.0	0.04918033	0.01639344	0.04918033	0.0	0.0	0.03278689	0.01639344	0.0	0.01639344	0.03278689	0.01639344	0.03278689	0.03278689	0.01639344	0.0	0.0	0.01639344	0.0	0.03278689	0.0	0.0	0.04918033	0.04918033	0.04918033	0.03278689	0.01639344	0.0	0.0	0.01639344	0.0
0.01470588	0.0	0.01470588	0.02941176	0.0	0.0	0.01470588	0.01470588	0.01470588	0.0	0.01470588	0.01470588	0.01470588	0.01470588	0.02941176	0.01470588	0.0	0.01470588	0.02941176	0.0	0.02941176	0.02941176	0.0	0.02941176	0.0	0.0	0.01470588	0.0	0.01470588	0.01470588	0.02941176	0.02941176	0.02941176	0.0	0.01470588	0.04411765	0.0	0.0	0.0	0.01470588	0.05882353	0.0	0.02941176	0.01470588	0.0	0.01470588	0.0	0.02941176	0.01470588	0.01470588	0.0	0.0	0.01470588	0.05882353	0.0	0.01470588	0.01470588	0.01470588	0.04411765	0.01470588	0.0	0.04411765	0.02941176	0.02941176
0.01587302	0.01587302	0.0	0.04761905	0.0	0.01587302	0.0	0.01587302	0.03174603	0.03174603	0.0	0.01587302	0.01587302	0.01587302	0.03174603	0.03174603	0.01587302	0.0	0.04761905	0.01587302	0.01587302	0.0	0.0	0.01587302	0.0	0.0	0.0	0.0	0.0	0.01587302	0.04761905	0.01587302	0.04761905	0.01587302	0.01587302	0.0	0.0	0.0	0.0	0.03174603	0.0	0.0	0.01587302	0.01587302	0.0	0.01587302	0.01587302	0.03174603	0.0	0.0	0.0	0.03174603	0.06349206	0.01587302	0.0	0.03174603	0.04761905	0.0	0.01587302	0.03174603	0.01587302	0.06349206	0.0	0.0
0.0	0.01869159	0.0	0.00934579	0.0	0.01869159	0.00934579	0.03738318	0.03738318	0.01869159	0.01869159	0.00934579	0.01869159	0.00934579	0.0	0.00934579	0.0	0.00934579	0.01869159	0.01869159	0.02803738	0.01869159	0.00934579	0.01869159	0.0	0.00934579	0.00934579	0.0	0.02803738	0.02803738	0.06542056	0.00934579	0.02803738	0.02803738	0.03738318	0.0	0.00934579	0.02803738	0.0	0.04672897	0.00934579	0.03738318	0.00934579	0.00934579	0.0	0.0	0.02803738	0.00934579	0.0	0.00934579	0.02803738	0.00934579	0.00934579	0.00934579	0.0	0.02803738	0.03738318	0.01869159	0.02803738	0.01869159	0.0	0.01869159	0.00934579	0.00934579
0.01030928	0.01030928	0.02061856	0.0	0.03092784	0.0	0.0	0.04123711	0.05154639	0.01030928	0.01030928	0.05154639	0.01030928	0.0	0.01030928	0.0	0.01030928	0.02061856	0.03092784	0.0	0.01030928	0.0	0.01030928	0.0	0.01030928	0.0	0.0	0.0	0.02061856	0.03092784	0.03092784	0.02061856	0.02061856	0.03092784	0.04123711	0.01030928	0.01030928	0.01030928	0.0	0.01030928	0.0	0.01030928	0.0	0.02061856	0.01030928	0.04123711	0.02061856	0.02061856	0.0	0.01030928	0.02061856	0.01030928	0.01030928	0.01030928	0.0	0.05154639	0.04123711	0.01030928	0.02061856	0.02061856	0.0	0.01030928	0.03092784	0.04123711
0.0	0.01587302	0.0	0.0	0.01587302	0.04761905	0.0	0.0	0.01587302	0.0	0.03174603	0.01587302	0.01587302	0.0	0.0	0.0	0.01587302	0.0	0.04761905	0.0	0.03174603	0.06349206	0.0	0.07936508	0.0	0.0	0.0	0.0	0.0	0.03174603	0.06349206	0.01587302	0.0	0.01587302	0.0	0.01587302	0.0	0.03174603	0.0	0.01587302	0.01587302	0.01587302	0.06349206	0.01587302	0.03174603	0.01587302	0.03174603	0.0	0.0	0.03174603	0.01587302	0.0	0.01587302	0.01587302	0.0	0.01587302	0.0	0.03174603	0.03174603	0.04761905	0.0	0.0	0.01587302	0.0
0.0	0.01587302	0.0	0.03174603	0.01587302	0.01587302	0.0	0.03174603	0.0	0.01587302	0.01587302	0.0	0.01587302	0.0	0.01587302	0.03174603	0.0	0.0	0.01587302	0.01587302	0.0	0.0	0.0	0.04761905	0.0	0.0	0.0	0.0	0.03174603	0.03174603	0.06349206	0.0	0.0	0.03174603	0.0	0.01587302	0.01587302	0.01587302	0.0	0.01587302	0.0	0.01587302	0.03174603	0.01587302	0.0	0.0	0.01587302	0.04761905	0.04761905	0.01587302	0.03174603	0.0	0.0	0.01587302	0.0	0.01587302	0.04761905	0.01587302	0.01587302	0.04761905	0.04761905	0.0	0.03174603	0.03174603
0.04705882	0.04705882	0.0	0.02352941	0.01176471	0.04705882	0.01176471	0.0	0.0	0.01176471	0.0	0.02352941	0.02352941	0.01176471	0.0	0.03529412	0.02352941	0.0	0.01176471	0.02352941	0.01176471	0.01176471	0.01176471	0.01176471	0.01176471	0.01176471	0.01176471	0.01176471	0.02352941	0.0	0.01176471	0.01176471	0.02352941	0.01176471	0.01176471	0.01176471	0.0	0.0	0.0	0.03529412	0.01176471	0.0	0.0	0.02352941	0.01176471	0.01176471	0.02352941	0.03529412	0.02352941	0.01176471	0.01176471	0.01176471	0.03529412	0.0	0.02352941	0.0	0.03529412	0.01176471	0.01176471	0.02352941	0.0	0.03529412	0.04705882	0.01176471
0.01149425	0.03448276	0.01149425	0.0	0.02298851	0.04597701	0.0	0.0	0.01149425	0.01149425	0.02298851	0.02298851	0.0	0.01149425	0.0	0.01149425	0.03448276	0.0	0.02298851	0.02298851	0.02298851	0.02298851	0.02298851	0.02298851	0.02298851	0.0	0.01149425	0.01149425	0.0	0.01149425	0.02298851	0.0	0.01149425	0.03448276	0.03448276	0.0	0.01149425	0.02298851	0.0	0.01149425	0.03448276	0.02298851	0.05747126	0.02298851	0.0	0.01149425	0.02298851	0.03448276	0.0	0.0	0.0	0.0	0.02298851	0.0	0.02298851	0.0	0.02298851	0.0	0.04597701	0.01149425	0.0	0.01149425	0.03448276	0.02298851
0.04597701	0.04597701	0.0	0.03448276	0.01149425	0.01149425	0.0	0.04597701	0.0	0.0	0.0	0.0	0.0	0.01149425	0.04597701	0.02298851	0.06896552	0.02298851	0.0	0.02298851	0.02298851	0.0	0.0	0.0	0.0	0.0	0.02298851	0.0	0.0	0.02298851	0.04597701	0.0	0.02298851	0.0	0.0	0.02298851	0.02298851	0.01149425	0.01149425	0.02298851	0.0	0.02298851	0.02298851	0.02298851	0.0	0.02298851	0.01149425	0.01149425	0.0	0.0	0.0	0.0	0.05747126	0.0	0.01149425	0.0	0.04597701	0.04597701	0.02298851	0.02298851	0.0	0.01149425	0.03448276	0.01149425
0.0	0.01428571	0.0	0.02857143	0.02857143	0.02857143	0.0	0.01428571	0.01428571	0.01428571	0.02857143	0.0	0.0	0.0	0.02857143	0.04285714	0.01428571	0.02857143	0.02857143	0.02857143	0.02857143	0.01428571	0.01428571	0.0	0.0	0.0	0.02857143	0.0	0.0	0.0	0.01428571	0.0	0.01428571	0.01428571	0.02857143	0.01428571	0.01428571	0.01428571	0.0	0.0	0.02857143	0.01428571	0.05714286	0.02857143	0.0	0.02857143	0.02857143	0.02857143	0.01428571	0.0	0.0	0.0	0.02857143	0.0	0.01428571	0.0	0.02857143	0.0	0.01428571	0.07142857	0.01428571	0.01428571	0.04285714	0.0
0.0	0.02739726	0.01369863	0.02739726	0.01369863	0.04109589	0.0	0.04109589	0.02739726	0.0	0.01369863	0.0	0.0	0.0	0.04109589	0.01369863	0.02739726	0.02739726	0.0	0.01369863	0.02739726	0.01369863	0.02739726	0.0	0.0	0.0	0.02739726	0.0	0.02739726	0.01369863	0.0	0.01369863	0.01369863	0.02739726	0.0	0.0	0.01369863	0.01369863	0.0	0.0	0.01369863	0.01369863	0.01369863	0.08219178	0.04109589	0.0	0.01369863	0.01369863	0.02739726	0.0	0.02739726	0.01369863	0.01369863	0.0	0.0	0.01369863	0.0	0.01369863	0.06849315	0.0	0.0	0.01369863	0.02739726	0.04109589
0.02777778	0.01388889	0.01388889	0.01388889	0.0	0.0	0.01388889	0.01388889	0.01388889	0.06944444	0.0	0.0	0.0	0.01388889	0.0	0.02777778	0.02777778	0.01388889	0.04166667	0.01388889	0.04166667	0.02777778	0.0	0.01388889	0.0	0.0	0.02777778	0.01388889	0.0	0.01388889	0.04166667	0.01388889	0.01388889	0.0	0.01388889	0.01388889	0.05555556	0.0	0.01388889	0.04166667	0.02777778	0.01388889	0.01388889	0.0	0.0	0.01388889	0.0	0.02777778	0.0	0.0	0.0	0.0	0.0	0.05555556	0.01388889	0.01388889	0.0	0.02777778	0.01388889	0.02777778	0.0	0.04166667	0.02777778	0.01388889
0.0	0.0	0.0	0.02298851	0.03448276	0.02298851	0.0	0.01149425	0.0	0.01149425	0.03448276	0.01149425	0.01149425	0.0	0.02298851	0.02298851	0.01149425	0.03448276	0.04597701	0.01149425	0.03448276	0.0	0.0	0.02298851	0.0	0.0	0.0	0.01149425	0.01149425	0.05747126	0.03448276	0.01149425	0.01149425	0.02298851	0.0	0.0	0.01149425	0.02298851	0.0	0.02298851	0.0	0.02298851	0.01149425	0.02298851	0.02298851	0.01149425	0.01149425	0.01149425	0.0	0.01149425	0.01149425	0.02298851	0.02298851	0.02298851	0.0	0.05747126	0.03448276	0.02298851	0.01149425	0.01149425	0.0	0.03448276	0.01149425	0.02298851
0.01	0.03	0.01	0.0	0.03	0.02	0.01	0.02	0.0	0.01	0.01	0.04	0.0	0.01	0.02	0.01	0.02	0.02	0.01	0.03	0.01	0.0	0.01	0.02	0.01	0.0	0.01	0.0	0.0	0.0	0.05	0.02	0.02	0.02	0.02	0.01	0.01	0.02	0.0	0.02	0.01	0.03	0.02	0.01	0.02	0.0	0.01	0.05	0.0	0.01	0.02	0.0	0.03	0.0	0.0	0.01	0.05	0.01	0.03	0.03	0.01	0.04	0.03	0.02
0.01204819	0.03614458	0.01204819	0.0	0.02409639	0.0	0.0	0.02409639	0.01204819	0.01204819	0.01204819	0.04819277	0.0	0.02409639	0.01204819	0.01204819	0.02409639	0.0	0.01204819	0.02409639	0.0	0.0	0.0	0.01204819	0.0	0.0	0.01204819	0.0	0.0	0.01204819	0.04819277	0.01204819	0.02409639	0.0	0.02409639	0.02409639	0.01204819	0.01204819	0.0	0.02409639	0.01204819	0.02409639	0.01204819	0.01204819	0.01204819	0.01204819	0.01204819	0.06024096	0.0	0.01204819	0.02409639	0.0	0.02409639	0.0	0.01204819	0.01204819	0.04819277	0.01204819	0.02409639	0.03614458	0.02409639	0.01204819	0.04819277	0.03614458
0.0	0.01204819	0.0	0.0	0.02409639	0.01204819	0.01204819	0.03614458	0.0	0.01204819	0.01204819	0.02409639	0.0	0.01204819	0.0	0.02409639	0.0	0.03614458	0.02409639	0.01204819	0.01204819	0.0	0.0	0.03614458	0.02409639	0.0	0.01204819	0.0	0.0	0.02409639	0.03614458	0.03614458	0.0	0.02409639	0.0	0.02409639	0.01204819	0.01204819	0.0	0.0	0.01204819	0.0	0.01204819	0.03614458	0.01204819	0.01204819	0.01204819	0.04819277	0.0	0.01204819	0.02409639	0.0	0.02409639	0.02409639	0.02409639	0.02409639	0.01204819	0.01204819	0.02409639	0.02409639	0.02409639	0.04819277	0.03614458	0.03614458
0.0	0.0	0.01851852	0.00925926	0.02777778	0.00925926	0.0	0.01851852	0.02777778	0.01851852	0.02777778	0.02777778	0.0	0.00925926	0.00925926	0.00925926	0.01851852	0.00925926	0.05555556	0.00925926	0.01851852	0.01851852	0.01851852	0.01851852	0.0	0.00925926	0.0	0.01851852	0.00925926	0.00925926	0.03703704	0.00925926	0.00925926	0.02777778	0.00925926	0.00925926	0.02777778	0.02777778	0.0	0.01851852	0.02777778	0.01851852	0.01851852	0.00925926	0.01851852	0.01851852	0.00925926	0.03703704	0.0	0.01851852	0.01851852	0.0	0.02777778	0.01851852	0.00925926	0.00925926	0.0	0.02777778	0.02777778	0.02777778	0.00925926	0.02777778	0.01851852	0.0
0.01351351	0.01351351	0.0	0.02702703	0.04054054	0.02702703	0.0	0.01351351	0.01351351	0.01351351	0.01351351	0.04054054	0.0	0.0	0.01351351	0.01351351	0.02702703	0.02702703	0.04054054	0.0	0.02702703	0.01351351	0.01351351	0.01351351	0.0	0.0	0.01351351	0.0	0.01351351	0.0	0.02702703	0.01351351	0.01351351	0.04054054	0.0	0.0	0.01351351	0.01351351	0.0	0.0	0.01351351	0.01351351	0.0	0.02702703	0.01351351	0.01351351	0.02702703	0.05405405	0.0	0.0	0.04054054	0.0	0.01351351	0.01351351	0.0	0.02702703	0.02702703	0.0	0.02702703	0.04054054	0.01351351	0.04054054	0.02702703	0.01351351
0.01515152	0.0	0.04545455	0.01515152	0.0	0.0	0.01515152	0.01515152	0.01515152	0.0	0.06060606	0.0	0.03030303	0.01515152	0.03030303	0.0	0.01515152	0.0	0.0	0.01515152	0.0	0.01515152	0.0	0.04545455	0.0	0.0	0.0	0.01515152	0.01515152	0.0	0.03030303	0.03030303	0.04545455	0.03030303	0.03030303	0.0	0.01515152	0.01515152	0.0	0.01515152	0.06060606	0.03030303	0.03030303	0.0	0.0	0.01515152	0.0	0.01515152	0.0	0.0	0.0	0.04545455	0.03030303	0.03030303	0.0	0.0	0.03030303	0.01515152	0.03030303	0.01515152	0.0	0.03030303	0.01515152	0.01515152
0.00961538	0.0	0.01923077	0.0	0.00961538	0.02884615	0.0	0.00961538	0.00961538	0.00961538	0.03846154	0.01923077	0.0	0.00961538	0.0	0.0	0.01923077	0.00961538	0.02884615	0.00961538	0.0	0.00961538	0.0	0.06730769	0.0	0.0	0.0	0.0	0.01923077	0.02884615	0.04807692	0.03846154	0.0	0.02884615	0.01923077	0.0	0.02884615	0.01923077	0.0	0.02884615	0.01923077	0.03846154	0.04807692	0.00961538	0.0	0.01923077	0.03846154	0.0	0.0	0.00961538	0.00961538	0.0	0.02884615	0.01923077	0.0	0.01923077	0.02884615	0.02884615	0.02884615	0.02884615	0.0	0.00961538	0.02884615	0.01923077
0.0	0.01515152	0.01515152	0.0	0.0	0.03030303	0.0	0.0	0.01515152	0.01515152	0.01515152	0.04545455	0.0	0.0	0.01515152	0.03030303	0.01515152	0.01515152	0.04545455	0.01515152	0.04545455	0.0	0.01515152	0.01515152	0.0	0.0	0.01515152	0.0	0.0	0.03030303	0.01515152	0.04545455	0.01515152	0.0	0.04545455	0.01515152	0.0	0.01515152	0.0	0.01515152	0.04545455	0.0	0.0	0.0	0.0	0.04545455	0.03030303	0.0	0.0	0.0	0.0	0.01515152	0.04545455	0.03030303	0.0	0.04545455	0.01515152	0.01515152	0.01515152	0.03030303	0.01515152	0.04545455	0.01515152	0.01515152
0.03703704	0.0	0.02469136	0.0	0.01234568	0.01234568	0.03703704	0.01234568	0.02469136	0.03703704	0.01234568	0.0	0.02469136	0.0	0.0	0.0	0.01234568	0.02469136	0.01234568	0.0	0.0	0.01234568	0.01234568	0.02469136	0.01234568	0.0	0.02469136	0.01234568	0.0	0.01234568	0.01234568	0.03703704	0.0	0.03703704	0.04938272	0.0	0.01234568	0.01234568	0.0	0.02469136	0.01234568	0.01234568	0.02469136	0.03703704	0.01234568	0.01234568	0.01234568	0.02469136	0.01234568	0.01234568	0.0	0.02469136	0.02469136	0.01234568	0.0	0.0	0.03703704	0.0	0.02469136	0.01234568	0.01234568	0.01234568	0.04938272	0.03703704
0.0	0.01851852	0.0	0.0	0.07407407	0.01851852	0.0	0.00925926	0.02777778	0.01851852	0.01851852	0.01851852	0.0	0.00925926	0.01851852	0.0	0.00925926	0.03703704	0.07407407	0.02777778	0.00925926	0.00925926	0.00925926	0.03703704	0.0	0.00925926	0.0	0.0	0.00925926	0.00925926	0.05555556	0.00925926	0.00925926	0.02777778	0.00925926	0.0	0.03703704	0.02777778	0.0	0.02777778	0.00925926	0.03703704	0.0	0.0	0.00925926	0.03703704	0.01851852	0.00925926	0.0	0.01851852	0.0	0.0	0.02777778	0.00925926	0.0	0.01851852	0.00925926	0.02777778	0.01851852	0.05555556	0.0	0.0	0.01851852	0.0
0.02777778	0.02777778	0.00925926	0.00925926	0.01851852	0.01851852	0.01851852	0.0	0.01851852	0.02777778	0.00925926	0.0	0.00925926	0.00925926	0.0462963	0.00925926	0.00925926	0.01851852	0.00925926	0.02777778	0.01851852	0.0	0.00925926	0.0	0.01851852	0.00925926	0.0	0.01851852	0.01851852	0.0	0.00925926	0.02777778	0.01851852	0.0	0.03703704	0.02777778	0.01851852	0.0	0.01851852	0.02777778	0.01851852	0.0	0.0	0.01851852	0.00925926	0.01851852	0.02777778	0.01851852	0.01851852	0.00925926	0.0	0.00925926	0.01851852	0.00925926	0.0	0.02777778	0.02777778	0.02777778	0.02777778	0.02777778	0.0	0.02777778	0.02777778	0.02777778
0.01851852	0.03703704	0.01851852	0.0	0.00925926	0.02777778	0.01851852	0.0	0.0	0.01851852	0.0	0.00925926	0.0	0.01851852	0.02777778	0.0	0.00925926	0.00925926	0.00925926	0.02777778	0.01851852	0.0	0.01851852	0.01851852	0.00925926	0.02777778	0.02777778	0.0	0.00925926	0.02777778	0.01851852	0.02777778	0.03703704	0.00925926	0.0	0.01851852	0.02777778	0.00925926	0.01851852	0.02777778	0.03703704	0.00925926	0.01851852	0.01851852	0.0	0.00925926	0.02777778	0.01851852	0.00925926	0.0	0.0	0.0	0.00925926	0.01851852	0.00925926	0.03703704	0.00925926	0.02777778	0.03703704	0.02777778	0.0	0.01851852	0.02777778	0.01851852
0.00925926	0.0	0.01851852	0.00925926	0.01851852	0.00925926	0.00925926	0.00925926	0.00925926	0.00925926	0.0	0.0462963	0.00925926	0.01851852	0.00925926	0.00925926	0.02777778	0.01851852	0.02777778	0.01851852	0.01851852	0.01851852	0.00925926	0.00925926	0.0	0.00925926	0.0	0.00925926	0.00925926	0.02777778	0.03703704	0.0	0.0	0.01851852	0.01851852	0.0	0.00925926	0.01851852	0.0	0.02777778	0.00925926	0.01851852	0.0	0.00925926	0.01851852	0.02777778	0.06481481	0.01851852	0.0	0.00925926	0.00925926	0.01851852	0.0462963	0.00925926	0.0	0.02777778	0.01851852	0.01851852	0.03703704	0.06481481	0.0	0.0	0.02777778	0.01851852
0.0	0.02083333	0.01041667	0.01041667	0.03125	0.0	0.01041667	0.01041667	0.01041667	0.02083333	0.02083333	0.03125	0.01041667	0.02083333	0.0	0.01041667	0.03125	0.02083333	0.05208333	0.01041667	0.03125	0.02083333	0.01041667	0.02083333	0.0	0.01041667	0.0	0.01041667	0.0	0.02083333	0.04166667	0.0	0.01041667	0.01041667	0.02083333	0.01041667	0.04166667	0.02083333	0.0	0.03125	0.0	0.02083333	0.02083333	0.02083333	0.0	0.01041667	0.05208333	0.01041667	0.0	0.0	0.0	0.01041667	0.01041667	0.04166667	0.0	0.0	0.04166667	0.04166667	0.02083333	0.01041667	0.0	0.0	0.02083333	0.02083333
0.01428571	0.02857143	0.0	0.02857143	0.01428571	0.02857143	0.01428571	0.01428571	0.0	0.0	0.01428571	0.02857143	0.0	0.0	0.02857143	0.01428571	0.0	0.01428571	0.0	0.01428571	0.02857143	0.01428571	0.01428571	0.0	0.01428571	0.0	0.01428571	0.01428571	0.0	0.02857143	0.02857143	0.02857143	0.02857143	0.0	0.02857143	0.0	0.0	0.0	0.01428571	0.02857143	0.02857143	0.01428571	0.01428571	0.02857143	0.02857143	0.0	0.0	0.04285714	0.02857143	0.02857143	0.01428571	0.0	0.0	0.01428571	0.0	0.02857143	0.01428571	0.02857143	0.04285714	0.0	0.04285714	0.01428571	0.02857143	0.01428571
0.01428571	0.04285714	0.02857143	0.01428571	0.0	0.02857143	0.01428571	0.02857143	0.02857143	0.02857143	0.0	0.01428571	0.0	0.0	0.01428571	0.02857143	0.02857143	0.0	0.02857143	0.02857143	0.04285714	0.01428571	0.01428571	0.01428571	0.0	0.01428571	0.01428571	0.01428571	0.01428571	0.02857143	0.0	0.0	0.01428571	0.0	0.02857143	0.0	0.02857143	0.01428571	0.0	0.0	0.01428571	0.0	0.01428571	0.02857143	0.02857143	0.0	0.01428571	0.02857143	0.04285714	0.02857143	0.0	0.0	0.01428571	0.02857143	0.01428571	0.0	0.0	0.0	0.02857143	0.01428571	0.02857143	0.02857143	0.0	0.01428571
